3 0.53515625 0.21328125 0.0109375 0.03984375
2 0.438671875 0.337890625 0.01015625 0.052734375
1 0.154296875 0.346875 0.013671875 0.062109375
2 0.519140625 0.2953125 0.01875 0.04453125
2 0.259375 0.437890625 0.01875 0.072265625
2 0.433984375 0.3671875 0.02109375 0.05078125
2 0.383984375 0.366015625 0.010546875 0.0546875
2 0.409765625 0.3421875 0.0140625 0.058203125
2 0.314453125 0.4328125 0.016796875 0.067578125
2 0.49375 0.3015625 0.016796875 0.0453125
2 0.60546875 0.3125 0.0171875 0.0546875
2 0.334765625 0.3984375 0.0140625 0.0640625
2 0.2953125 0.425390625 0.015625 0.058203125
3 0.575 0.434765625 0.013671875 0.067578125
2 0.553515625 0.316796875 0.01875 0.051953125
2 0.903515625 0.408203125 0.009765625 0.062890625
2 0.613671875 0.3921875 0.0234375 0.058203125
2 0.832421875 0.402734375 0.018359375 0.066796875
2 0.85078125 0.469921875 0.016015625 0.06953125
2 0.428125 0.45234375 0.016796875 0.062109375
2 0.901953125 0.5203125 0.017578125 0.077734375
2 0.31484375 0.418359375 0.023046875 0.060546875
0 0.60390625 0.4015625 0.00625 0.012890625