2 0.649609375 0.300390625 0.012109375 0.0421875
3 0.366015625 0.260546875 0.010546875 0.036328125
2 0.679296875 0.281640625 0.0125 0.03515625
2 0.569921875 0.294921875 0.013671875 0.034375
3 0.5984375 0.34921875 0.013671875 0.044921875
2 0.646484375 0.3359375 0.009765625 0.040625
2 0.603125 0.295703125 0.011328125 0.0421875
2 0.787890625 0.378125 0.010546875 0.047265625
2 0.452734375 0.344140625 0.010546875 0.041796875
2 0.74140625 0.3453125 0.012890625 0.046484375
1 0.098046875 0.362890625 0.0109375 0.04765625
2 0.460546875 0.326953125 0.009375 0.0390625
2 0.56796875 0.430859375 0.01796875 0.052734375
2 0.344921875 0.298046875 0.0125 0.042578125
2 0.724609375 0.352734375 0.011328125 0.05
2 0.840234375 0.394921875 0.013671875 0.0453125
2 0.730078125 0.4265625 0.009375 0.047265625
2 0.330078125 0.320703125 0.008984375 0.041796875
2 0.7984375 0.648046875 0.017578125 0.0703125
2 0.280859375 0.402734375 0.009375 0.05
2 0.805078125 0.459375 0.011328125 0.059375
2 0.809765625 0.56953125 0.016015625 0.0609375
2 0.436328125 0.547265625 0.014453125 0.06484375
0 0.238671875 0.34375 0.00625 0.01015625