3 0.219921875 0.226953125 0.015234375 0.0390625
2 0.55859375 0.26484375 0.012890625 0.04453125
2 0.566796875 0.269921875 0.018359375 0.043359375
2 0.419921875 0.248828125 0.016796875 0.041015625
3 0.583203125 0.31953125 0.012109375 0.051953125
2 0.391015625 0.246484375 0.012890625 0.05
2 0.211328125 0.2640625 0.008203125 0.05
2 0.630078125 0.325390625 0.014453125 0.054296875
2 0.483984375 0.278515625 0.012109375 0.048046875
2 0.877734375 0.44296875 0.015234375 0.06015625
2 0.76484375 0.327734375 0.012109375 0.05546875
2 0.81328125 0.398046875 0.0109375 0.066796875
2 0.41953125 0.33671875 0.015234375 0.058203125
2 0.45234375 0.342578125 0.012890625 0.05546875
2 0.744140625 0.371484375 0.0140625 0.059375
2 0.892578125 0.527734375 0.0234375 0.072265625
2 0.586328125 0.403515625 0.016796875 0.059375
2 0.27578125 0.3578125 0.015234375 0.058203125
2 0.662890625 0.662109375 0.021484375 0.0796875
2 0.1328125 0.37265625 0.011328125 0.06015625
2 0.21484375 0.537890625 0.0203125 0.077734375
0 0.3875 0.269140625 0.004296875 0.00859375
2 0.635546875 0.32421875 0.015234375 0.046484375