2 0.563671875 0.250390625 0.01328125 0.04609375
2 0.565625 0.2703125 0.016796875 0.042578125
2 0.440234375 0.26171875 0.009765625 0.041796875
3 0.24921875 0.22265625 0.009765625 0.03984375
2 0.4296875 0.254296875 0.013671875 0.0453125
2 0.700390625 0.367578125 0.009375 0.051953125
2 0.239453125 0.26015625 0.009375 0.046484375
2 0.512890625 0.268359375 0.011328125 0.048046875
2 0.708203125 0.2953125 0.013671875 0.05
2 0.448828125 0.320703125 0.015234375 0.052734375
2 0.430078125 0.312890625 0.0140625 0.051953125
2 0.672265625 0.30234375 0.017578125 0.05078125
2 0.602734375 0.382421875 0.016796875 0.057421875
2 0.780859375 0.337890625 0.018359375 0.05546875
2 0.269140625 0.304296875 0.019140625 0.04921875
2 0.8203125 0.349609375 0.0125 0.0546875
3 0.619140625 0.325 0.016796875 0.051953125
2 0.781640625 0.403515625 0.01875 0.0609375
2 0.183984375 0.376953125 0.015234375 0.05546875
2 0.82734375 0.546484375 0.016015625 0.066796875
2 0.306640625 0.525 0.017578125 0.07421875
2 0.80234375 0.62578125 0.021484375 0.077734375
0 0.361328125 0.278125 0.006640625 0.00859375