3 0.1671875 0.250390625 0.01328125 0.041796875
0 0.77109375 0.55703125 0.006640625 0.01015625
2 0.73515625 0.324609375 0.011328125 0.048828125
2 0.795703125 0.362109375 0.0140625 0.051953125
2 0.533984375 0.369140625 0.01875 0.05078125
2 0.509765625 0.254296875 0.012890625 0.0359375
2 0.827734375 0.404296875 0.021875 0.0640625
2 0.555859375 0.304296875 0.0109375 0.0453125
2 0.208203125 0.381640625 0.012109375 0.053515625
2 0.56875 0.727734375 0.029296875 0.07421875
2 0.325390625 0.367578125 0.013671875 0.051953125
3 0.790625 0.40625 0.02109375 0.05546875
1 0.89453125 0.38203125 0.016015625 0.056640625
2 0.406640625 0.30234375 0.0140625 0.0453125
2 0.7375 0.441796875 0.016796875 0.0515625
2 0.797265625 0.532421875 0.019921875 0.06484375
2 0.67265625 0.403125 0.012890625 0.05078125
2 0.17890625 0.528125 0.016015625 0.065625
2 0.20859375 0.554296875 0.024609375 0.071484375
2 0.420703125 0.643359375 0.020703125 0.0703125
2 0.25078125 0.603515625 0.022265625 0.07578125
2 0.5390625 0.49453125 0.025 0.062890625
2 0.4453125 0.4828125 0.011328125 0.067578125
2 0.734765625 0.344921875 0.015234375 0.048046875