3 0.294921875 0.274609375 0.008984375 0.028515625
0 0.469921875 0.6703125 0.00625 0.0109375
2 0.433984375 0.627734375 0.028125 0.05546875
2 0.162109375 0.655078125 0.022265625 0.071484375
2 0.609375 0.383203125 0.009375 0.048046875
2 0.490234375 0.3890625 0.010546875 0.048046875
2 0.29921875 0.618359375 0.012890625 0.068359375
2 0.3734375 0.676953125 0.015625 0.0609375
2 0.652734375 0.37734375 0.0140625 0.047265625
2 0.248046875 0.4921875 0.0109375 0.056640625
3 0.326953125 0.47578125 0.012890625 0.057421875
2 0.358203125 0.6671875 0.021484375 0.075
2 0.316796875 0.3765625 0.015234375 0.047265625
3 0.96953125 0.741015625 0.022265625 0.078515625
2 0.642578125 0.53828125 0.016796875 0.056640625
2 0.20703125 0.607421875 0.018359375 0.0703125
2 0.318359375 0.630859375 0.023046875 0.065625
2 0.287890625 0.659375 0.015625 0.062890625
2 0.536328125 0.481640625 0.012890625 0.053515625
2 0.71875 0.416796875 0.014453125 0.053515625
2 0.884765625 0.600390625 0.014453125 0.073046875
2 0.3796875 0.523046875 0.014453125 0.062890625
2 0.541796875 0.625 0.016796875 0.062890625
2 0.44921875 0.29140625 0.009765625 0.04140625