0 0.548046875 0.466015625 0.005078125 0.012109375
3 0.362890625 0.213671875 0.014453125 0.037890625
2 0.417578125 0.248046875 0.014453125 0.033203125
2 0.680859375 0.325390625 0.01875 0.05078125
2 0.745703125 0.341796875 0.013671875 0.05546875
2 0.556640625 0.44453125 0.01875 0.057421875
2 0.773046875 0.437109375 0.0171875 0.06484375
2 0.679296875 0.452734375 0.022265625 0.0609375
2 0.480859375 0.341015625 0.011328125 0.052734375
3 0.324609375 0.412109375 0.0140625 0.057421875
2 0.37578125 0.296484375 0.0109375 0.048046875
2 0.38046875 0.39453125 0.015234375 0.05546875
3 0.965234375 0.796875 0.026953125 0.093359375
2 0.56875 0.51796875 0.013671875 0.0640625
2 0.2359375 0.3984375 0.014453125 0.06015625
2 0.1125 0.553515625 0.016796875 0.068359375
2 0.442578125 0.73203125 0.019921875 0.082421875
2 0.654296875 0.619921875 0.017578125 0.078515625
2 0.355859375 0.483203125 0.0140625 0.066796875
2 0.222265625 0.455078125 0.01875 0.065625
2 0.876171875 0.530078125 0.026171875 0.075
2 0.255859375 0.484375 0.01875 0.066796875
2 0.30859375 0.6421875 0.0171875 0.073046875
2 0.159765625 0.566796875 0.015234375 0.07578125