3 0.217578125 0.2390625 0.010546875 0.040625
3 0.637109375 0.41953125 0.0140625 0.04921875
2 0.711328125 0.333203125 0.013671875 0.05078125
2 0.31484375 0.446484375 0.0171875 0.05546875
2 0.714453125 0.34921875 0.017578125 0.048046875
0 0.5640625 0.59453125 0.007421875 0.0109375
2 0.537109375 0.248046875 0.011328125 0.0390625
2 0.616015625 0.564453125 0.030859375 0.06953125
2 0.41875 0.425 0.017578125 0.0609375
2 0.644140625 0.439453125 0.017578125 0.058203125
2 0.78125 0.3703125 0.009375 0.05546875
2 0.244140625 0.441796875 0.016015625 0.05546875
2 0.55 0.32421875 0.0125 0.05
2 0.387890625 0.787890625 0.023828125 0.08515625
2 0.16640625 0.569921875 0.0203125 0.071484375
2 0.8765625 0.4515625 0.0125 0.062109375
2 0.361328125 0.31484375 0.014453125 0.046484375
2 0.235546875 0.701953125 0.019921875 0.077734375
2 0.155078125 0.648046875 0.015625 0.0796875
2 0.433984375 0.4640625 0.0234375 0.05546875
2 0.389453125 0.514453125 0.0203125 0.0640625
2 0.602734375 0.57265625 0.029296875 0.071484375
2 0.237109375 0.616796875 0.025390625 0.07578125