0 0.199609375 0.43671875 0.00625 0.01015625
2 0.66875 0.277734375 0.010546875 0.0390625
2 0.692578125 0.301953125 0.009375 0.037109375
2 0.626171875 0.31015625 0.008984375 0.040625
2 0.704296875 0.309375 0.008984375 0.040625
3 0.501171875 0.3640625 0.009375 0.048046875
2 0.49375 0.38515625 0.008203125 0.05
3 0.348046875 0.249609375 0.006640625 0.034375
2 0.736328125 0.362109375 0.011328125 0.05
2 0.80546875 0.431640625 0.0140625 0.051953125
1 0.130078125 0.371484375 0.013671875 0.04453125
2 0.648828125 0.378125 0.011328125 0.05078125
2 0.388671875 0.2921875 0.009375 0.03984375
2 0.697265625 0.4734375 0.011328125 0.0546875
2 0.726171875 0.368359375 0.0125 0.05
2 0.77578125 0.409375 0.0109375 0.057421875
2 0.811328125 0.71171875 0.01875 0.076953125
2 0.519921875 0.48046875 0.015234375 0.057421875
2 0.421484375 0.34765625 0.0140625 0.047265625
2 0.213671875 0.430078125 0.016796875 0.0546875
2 0.7578125 0.5 0.017578125 0.06484375
2 0.83203125 0.62734375 0.012890625 0.06953125
3 0.91796875 0.809375 0.03125 0.09453125
2 0.472265625 0.630859375 0.0171875 0.07890625
2 0.371484375 0.3734375 0.011328125 0.04921875