3 0.3921875 0.243359375 0.010546875 0.031640625
0 0.120703125 0.505078125 0.005859375 0.01015625
2 0.50078125 0.38984375 0.018359375 0.04453125
2 0.18828125 0.420703125 0.018359375 0.0546875
2 0.859765625 0.45546875 0.013671875 0.059375
2 0.166015625 0.470703125 0.024609375 0.052734375
2 0.313671875 0.4078125 0.017578125 0.04921875
2 0.83671875 0.632421875 0.016015625 0.07421875
2 0.552734375 0.319140625 0.016015625 0.0359375
2 0.32890625 0.348046875 0.018359375 0.0390625
2 0.733984375 0.410546875 0.0140625 0.0546875
2 0.543359375 0.442578125 0.019140625 0.053515625
2 0.634765625 0.3546875 0.017578125 0.046484375
2 0.201171875 0.471484375 0.023828125 0.057421875
2 0.480859375 0.449609375 0.015625 0.05078125
3 0.366796875 0.4859375 0.023828125 0.05546875
2 0.682421875 0.4625 0.0125 0.056640625
2 0.555078125 0.515625 0.018359375 0.057421875
2 0.658203125 0.60546875 0.020703125 0.062890625
2 0.708984375 0.491015625 0.017578125 0.06015625
2 0.194140625 0.5515625 0.016796875 0.065625
2 0.175 0.568359375 0.020703125 0.06484375
2 0.664453125 0.533984375 0.022265625 0.056640625