2 0.234765625 0.421875 0.01640625 0.05078125
2 0.536328125 0.358203125 0.008203125 0.040625
2 0.378125 0.298828125 0.01484375 0.027734375
2 0.4453125 0.33046875 0.007421875 0.037109375
2 0.440234375 0.335546875 0.0125 0.03984375
2 0.241796875 0.433984375 0.018359375 0.047265625
2 0.734375 0.394140625 0.008203125 0.0453125
2 0.518359375 0.33203125 0.009375 0.041796875
2 0.527734375 0.4109375 0.010546875 0.04453125
2 0.694921875 0.346484375 0.008984375 0.040625
3 0.542578125 0.41171875 0.019921875 0.043359375
2 0.652734375 0.53984375 0.008984375 0.053515625
2 0.364453125 0.375 0.0109375 0.040625
2 0.723046875 0.423046875 0.014453125 0.04453125
2 0.25625 0.6390625 0.023828125 0.062890625
2 0.5375 0.719921875 0.023046875 0.071484375
2 0.412109375 0.31953125 0.014453125 0.031640625
2 0.277734375 0.3625 0.0109375 0.0453125
2 0.602734375 0.368359375 0.009375 0.046484375
2 0.8046875 0.507421875 0.013671875 0.05546875
2 0.205859375 0.558203125 0.0140625 0.057421875
3 0.329296875 0.273828125 0.014453125 0.036328125