2 0.61171875 0.293359375 0.0109375 0.031640625
2 0.238671875 0.350390625 0.012109375 0.032421875
2 0.616015625 0.35 0.008984375 0.03515625
1 0.830078125 0.35390625 0.013671875 0.046875
2 0.723046875 0.355078125 0.0109375 0.03828125
2 0.917578125 0.484765625 0.0125 0.04921875
2 0.545703125 0.316015625 0.011328125 0.034375
2 0.63125 0.393359375 0.017578125 0.04453125
2 0.2515625 0.38671875 0.015625 0.034375
2 0.376171875 0.431640625 0.010546875 0.046484375
2 0.3671875 0.30546875 0.008203125 0.033203125
2 0.330859375 0.3796875 0.011328125 0.04453125
2 0.180078125 0.457421875 0.0140625 0.046484375
3 0.437109375 0.428515625 0.009765625 0.05
2 0.58515625 0.404296875 0.012890625 0.03984375
2 0.77109375 0.512109375 0.015234375 0.046484375
2 0.278125 0.516796875 0.017578125 0.05546875
2 0.218359375 0.628515625 0.020703125 0.059375
2 0.36796875 0.65234375 0.016015625 0.067578125
2 0.133984375 0.58984375 0.015234375 0.066796875
2 0.75546875 0.687109375 0.025390625 0.068359375
2 0.113671875 0.602734375 0.021484375 0.066796875
3 0.151953125 0.29453125 0.008984375 0.031640625