2 0.194140625 0.548046875 0.013671875 0.040625
2 0.203515625 0.546484375 0.016796875 0.0390625
2 0.26640625 0.501953125 0.015234375 0.042578125
2 0.368359375 0.44765625 0.0078125 0.034375
1 0.18984375 0.45703125 0.016015625 0.034375
2 0.351953125 0.427734375 0.008203125 0.037109375
3 0.411328125 0.48203125 0.015625 0.037890625
2 0.29140625 0.4734375 0.0109375 0.0359375
2 0.46953125 0.544140625 0.0109375 0.0453125
2 0.444140625 0.48671875 0.008203125 0.03984375
2 0.68984375 0.4484375 0.0078125 0.03984375
2 0.327734375 0.5140625 0.0171875 0.046484375
2 0.832421875 0.54296875 0.011328125 0.04921875
2 0.433984375 0.555078125 0.013671875 0.04921875
2 0.302734375 0.566015625 0.016796875 0.04921875
2 0.5671875 0.589453125 0.009375 0.05078125
2 0.90234375 0.695703125 0.0109375 0.0640625
2 0.8234375 0.574609375 0.0125 0.05078125
2 0.87109375 0.5515625 0.0109375 0.04921875
2 0.73671875 0.708984375 0.015234375 0.056640625
2 0.595703125 0.599609375 0.0140625 0.05078125
2 0.891015625 0.7140625 0.021484375 0.066796875
3 0.4703125 0.3390625 0.0078125 0.023046875