2 0.323046875 0.265625 0.0078125 0.0296875
3 0.241015625 0.25 0.009765625 0.027734375
2 0.29921875 0.26953125 0.009765625 0.031640625
1 0.96171875 0.307421875 0.012109375 0.040625
2 0.469921875 0.276953125 0.009375 0.034765625
2 0.5984375 0.265234375 0.011328125 0.037890625
2 0.378125 0.303125 0.007421875 0.03984375
2 0.434765625 0.3359375 0.008984375 0.040625
3 0.425390625 0.356640625 0.011328125 0.042578125
2 0.775390625 0.276953125 0.0109375 0.037109375
2 0.335546875 0.2859375 0.012109375 0.031640625
2 0.25 0.407421875 0.015625 0.04453125
2 0.62578125 0.3078125 0.008984375 0.037890625
2 0.25546875 0.2921875 0.008984375 0.03203125
2 0.356640625 0.33515625 0.0109375 0.042578125
2 0.660546875 0.28203125 0.010546875 0.03984375
2 0.694140625 0.408203125 0.014453125 0.05
3 0.971484375 0.7921875 0.025 0.082421875
2 0.20390625 0.351953125 0.0109375 0.04453125
2 0.673828125 0.440234375 0.012109375 0.052734375
2 0.49921875 0.5296875 0.012109375 0.059375
2 0.223828125 0.496875 0.015234375 0.052734375
0 0.30625 0.269140625 0.003515625 0.006640625
2 0.25234375 0.28984375 0.00859375 0.037890625
2 0.469140625 0.2671875 0.010546875 0.034375