2 0.394140625 0.43828125 0.011328125 0.0390625
1 0.015234375 0.4296875 0.012890625 0.0390625
2 0.444140625 0.31171875 0.009375 0.026953125
2 0.276953125 0.417578125 0.0078125 0.042578125
2 0.281640625 0.514453125 0.018359375 0.050390625
2 0.596875 0.367578125 0.007421875 0.03515625
2 0.46640625 0.365234375 0.0078125 0.0359375
2 0.284375 0.41796875 0.009375 0.0453125
2 0.328125 0.36484375 0.008203125 0.03515625
2 0.393359375 0.327734375 0.007421875 0.033203125
3 0.391796875 0.453515625 0.012109375 0.04453125
2 0.889453125 0.406640625 0.010546875 0.042578125
2 0.662890625 0.33046875 0.009375 0.03515625
2 0.471484375 0.5109375 0.008203125 0.048046875
2 0.57578125 0.398046875 0.0078125 0.0390625
2 0.594140625 0.43828125 0.008984375 0.041796875
2 0.45703125 0.469140625 0.009765625 0.047265625
2 0.333984375 0.476953125 0.008203125 0.046484375
3 0.978515625 0.824609375 0.0203125 0.080859375
2 0.812109375 0.494921875 0.015234375 0.0453125
2 0.276171875 0.6046875 0.0109375 0.057421875
2 0.361328125 0.5609375 0.011328125 0.05546875
2 0.46640625 0.805859375 0.027734375 0.06953125
0 0.80625 0.5125 0.00546875 0.009375
2 0.53359375 0.284375 0.011328125 0.03359375
3 0.354296875 0.2875 0.00859375 0.028125