2 0.407421875 0.399609375 0.006640625 0.032421875
2 0.625390625 0.5578125 0.015234375 0.0453125
2 0.467578125 0.464453125 0.007421875 0.044140625
1 0.07109375 0.477734375 0.009765625 0.0390625
3 0.934765625 0.88515625 0.023828125 0.0796875
2 0.639453125 0.4609375 0.008984375 0.0390625
2 0.46484375 0.525390625 0.0078125 0.043359375
2 0.36328125 0.44296875 0.0078125 0.03984375
2 0.3203125 0.495703125 0.009375 0.043359375
1 0.957421875 0.487109375 0.014453125 0.042578125
2 0.742578125 0.437890625 0.009765625 0.040625
3 0.44765625 0.577734375 0.009765625 0.051953125
2 0.303515625 0.60703125 0.0125 0.056640625
2 0.416796875 0.43046875 0.008203125 0.037109375
2 0.562890625 0.618359375 0.012109375 0.051953125
2 0.35234375 0.478515625 0.009765625 0.04453125
2 0.530078125 0.56953125 0.011328125 0.053515625
2 0.39296875 0.551953125 0.012109375 0.048046875
2 0.765234375 0.696875 0.0125 0.062109375
2 0.369921875 0.719140625 0.017578125 0.062109375
2 0.741015625 0.59765625 0.011328125 0.04921875
2 0.26015625 0.83671875 0.015234375 0.065625
2 0.516015625 0.844140625 0.01875 0.073046875
2 0.56875 0.35 0.008203125 0.034765625
3 0.408203125 0.3390625 0.006640625 0.028125
0 0.7375 0.5953125 0.004296875 0.00859375