3 0.43046875 0.121875 0.009765625 0.0328125
2 0.551953125 0.152734375 0.007421875 0.03515625
2 0.7625 0.21171875 0.013671875 0.043359375
2 0.362109375 0.1875 0.008984375 0.041796875
2 0.837890625 0.323046875 0.0140625 0.0609375
2 0.2421875 0.307421875 0.014453125 0.050390625
2 0.678515625 0.21328125 0.009765625 0.0453125
2 0.488671875 0.225390625 0.009765625 0.041796875
2 0.35625 0.32734375 0.019921875 0.05078125
2 0.47578125 0.202734375 0.009765625 0.040625
2 0.67421875 0.2625 0.009765625 0.047265625
2 0.0984375 0.447265625 0.014453125 0.06484375
3 0.62265625 0.23671875 0.012109375 0.0453125
2 0.89140625 0.4453125 0.015234375 0.0609375
2 0.746875 0.332421875 0.016796875 0.05546875
2 0.500390625 0.3828125 0.012890625 0.056640625
2 0.52421875 0.303125 0.012109375 0.05078125
2 0.812890625 0.50234375 0.013671875 0.06953125
2 0.258984375 0.6203125 0.0171875 0.07578125
2 0.673828125 0.371484375 0.012890625 0.057421875
3 0.90546875 0.90546875 0.03515625 0.103515625
2 0.433984375 0.4109375 0.0109375 0.059375
2 0.587890625 0.574609375 0.015625 0.078515625
1 0.1375 0.2421875 0.0140625 0.052734375
0 0.244140625 0.334765625 0.005859375 0.011328125