2 0.293359375 0.20078125 0.009375 0.040625
1 0.198046875 0.2171875 0.010546875 0.047265625
2 0.325 0.162109375 0.008203125 0.040625
2 0.371875 0.178515625 0.008203125 0.040625
2 0.559375 0.173046875 0.010546875 0.03515625
2 0.478515625 0.164453125 0.0078125 0.0359375
2 0.409765625 0.192578125 0.009765625 0.040625
2 0.450390625 0.278125 0.009375 0.041796875
2 0.125 0.317578125 0.0125 0.053515625
2 0.670703125 0.183984375 0.007421875 0.041796875
2 0.673046875 0.30546875 0.008984375 0.051953125
2 0.457421875 0.252734375 0.008984375 0.04453125
2 0.647265625 0.218359375 0.008203125 0.046484375
2 0.403515625 0.2875 0.009765625 0.052734375
2 0.8328125 0.244921875 0.0125 0.05078125
2 0.834375 0.327734375 0.009375 0.059375
2 0.663671875 0.269921875 0.009765625 0.05078125
2 0.732421875 0.351953125 0.0125 0.059375
2 0.34140625 0.3671875 0.0140625 0.0546875
3 0.561328125 0.237109375 0.0140625 0.046484375
2 0.307421875 0.430078125 0.0140625 0.065625
2 0.719140625 0.45703125 0.019921875 0.067578125
3 0.894140625 0.92421875 0.022265625 0.103515625
0 0.230078125 0.2234375 0.00625 0.0109375
3 0.412109375 0.11640625 0.008203125 0.0328125