2 0.509765625 0.3953125 0.006640625 0.033203125
2 0.694921875 0.4640625 0.0109375 0.042578125
2 0.476171875 0.341015625 0.005859375 0.026953125
1 0.982421875 0.446875 0.010546875 0.041796875
2 0.407421875 0.384765625 0.007421875 0.034375
1 0.110546875 0.432421875 0.007421875 0.0390625
2 0.74921875 0.369921875 0.0109375 0.0359375
2 0.714453125 0.38671875 0.007421875 0.032421875
2 0.544921875 0.545703125 0.009765625 0.04921875
2 0.709375 0.46171875 0.009375 0.041796875
2 0.454296875 0.38203125 0.0078125 0.034375
3 0.484765625 0.5 0.009375 0.046484375
2 0.395703125 0.49921875 0.009765625 0.048046875
2 0.491796875 0.446875 0.007421875 0.037890625
2 0.359765625 0.433984375 0.007421875 0.041796875
2 0.351171875 0.64453125 0.012109375 0.059375
2 0.353515625 0.5078125 0.009375 0.04921875
2 0.27578125 0.75078125 0.0140625 0.0609375
2 0.371484375 0.43203125 0.008984375 0.03984375
2 0.5390625 0.465625 0.009375 0.042578125
2 0.531640625 0.774609375 0.015234375 0.06953125
2 0.79609375 0.629296875 0.012890625 0.056640625
3 0.429296875 0.309765625 0.00625 0.02421875
0 0.742578125 0.38125 0.00390625 0.0078125
2 0.612890625 0.313671875 0.0078125 0.026171875