2 0.570703125 0.21953125 0.009765625 0.031640625
2 0.198046875 0.28515625 0.008203125 0.0390625
1 0.779296875 0.269140625 0.009765625 0.0359375
2 0.587890625 0.244921875 0.007421875 0.034375
2 0.261328125 0.310546875 0.008203125 0.03984375
2 0.162890625 0.330078125 0.010546875 0.043359375
2 0.226953125 0.302734375 0.008984375 0.0390625
3 0.375390625 0.390234375 0.0125 0.047265625
2 0.598828125 0.30234375 0.008984375 0.03984375
2 0.70078125 0.293359375 0.012109375 0.0390625
2 0.188671875 0.33671875 0.0109375 0.0453125
2 0.309375 0.380859375 0.011328125 0.04921875
2 0.758203125 0.477734375 0.0125 0.059375
2 0.51796875 0.28203125 0.012890625 0.0359375
2 0.145703125 0.471875 0.0109375 0.0546875
2 0.490234375 0.28046875 0.014453125 0.03515625
2 0.282421875 0.374609375 0.016015625 0.047265625
2 0.560546875 0.477734375 0.014453125 0.059375
2 0.228515625 0.575390625 0.014453125 0.0640625
2 0.208984375 0.409375 0.015234375 0.053515625
2 0.206640625 0.71328125 0.03125 0.073046875
3 0.1921875 0.247265625 0.007421875 0.0328125
2 0.202734375 0.26953125 0.00703125 0.033203125
0 0.754296875 0.276953125 0.005078125 0.009375