2 0.451953125 0.256640625 0.0171875 0.0375
2 0.71796875 0.326171875 0.012109375 0.05234375
2 0.696875 0.3484375 0.01484375 0.048828125
2 0.522265625 0.32734375 0.009375 0.043359375
2 0.691015625 0.26953125 0.0109375 0.0390625
2 0.383984375 0.353515625 0.010546875 0.055078125
2 0.86953125 0.41484375 0.0109375 0.057421875
2 0.4046875 0.26171875 0.015625 0.03984375
2 0.296484375 0.3578125 0.012109375 0.04921875
2 0.687890625 0.3765625 0.019921875 0.052734375
2 0.46640625 0.3609375 0.012890625 0.048046875
2 0.624609375 0.3609375 0.012890625 0.051953125
2 0.5859375 0.397265625 0.013671875 0.053515625
3 0.476953125 0.402734375 0.0125 0.05546875
2 0.7421875 0.350390625 0.015625 0.05078125
2 0.542578125 0.410546875 0.016015625 0.0546875
2 0.58984375 0.539453125 0.019140625 0.069921875
2 0.276953125 0.433203125 0.011328125 0.0609375
2 0.28515625 0.7875 0.033984375 0.084375
2 0.655078125 0.600390625 0.0171875 0.08046875
2 0.245703125 0.61953125 0.022265625 0.0796875
0 0.58203125 0.413671875 0.005078125 0.009765625
3 0.35390625 0.208203125 0.009375 0.037109375