0 0.85 0.710546875 0.00625 0.01015625
2 0.25625 0.612890625 0.0109375 0.045703125
2 0.571875 0.54921875 0.01015625 0.0390625
2 0.532421875 0.468359375 0.0078125 0.031640625
2 0.362890625 0.476953125 0.007421875 0.031640625
1 0.85078125 0.517578125 0.008984375 0.0390625
2 0.318359375 0.5390625 0.008984375 0.04453125
2 0.409765625 0.550390625 0.0078125 0.041796875
2 0.415234375 0.60703125 0.010546875 0.0453125
2 0.555078125 0.562890625 0.008984375 0.04453125
3 0.459375 0.589453125 0.009375 0.043359375
2 0.50234375 0.6640625 0.008984375 0.051953125
2 0.619921875 0.682421875 0.0203125 0.05
2 0.304296875 0.525 0.0078125 0.0390625
2 0.27109375 0.639453125 0.009765625 0.047265625
2 0.22578125 0.685546875 0.0109375 0.05078125
3 0.9375 0.85546875 0.024609375 0.06484375
2 0.2609375 0.791015625 0.014453125 0.0640625
2 0.873046875 0.700390625 0.01875 0.0546875
2 0.452734375 0.68984375 0.0109375 0.053515625
2 0.394921875 0.887109375 0.015234375 0.066796875
2 0.49453125 0.694921875 0.0171875 0.0546875
2 0.051171875 0.796484375 0.014453125 0.05546875
2 0.259765625 0.6015625 0.012109375 0.044921875
3 0.340234375 0.40859375 0.005859375 0.02578125