2 0.346875 0.515625 0.01328125 0.03671875
3 0.765234375 0.901953125 0.032421875 0.06328125
1 0.0546875 0.531640625 0.010546875 0.03515625
2 0.459765625 0.458203125 0.006640625 0.0296875
2 0.651953125 0.503515625 0.009375 0.037109375
2 0.17734375 0.671484375 0.0171875 0.05
2 0.458984375 0.57421875 0.0125 0.04453125
2 0.6671875 0.569140625 0.008203125 0.043359375
2 0.516015625 0.70703125 0.010546875 0.058203125
2 0.283984375 0.583984375 0.0109375 0.0453125
3 0.498046875 0.587890625 0.012109375 0.046484375
2 0.296484375 0.633203125 0.0140625 0.051953125
2 0.543359375 0.740625 0.012890625 0.0609375
2 0.345703125 0.772265625 0.015625 0.0609375
2 0.559375 0.7 0.0125 0.053515625
2 0.451953125 0.6390625 0.016796875 0.051953125
2 0.57421875 0.606640625 0.012890625 0.048046875
2 0.53515625 0.67421875 0.015234375 0.053515625
2 0.730078125 0.68046875 0.0203125 0.053515625
2 0.05234375 0.721875 0.012890625 0.05078125
2 0.315234375 0.633203125 0.016015625 0.048046875
2 0.417578125 0.83828125 0.020703125 0.0640625
2 0.3421875 0.537890625 0.01328125 0.048046875
3 0.38359375 0.390234375 0.00703125 0.025390625
0 0.733203125 0.703125 0.006640625 0.012890625