3 0.430078125 0.252734375 0.00859375 0.03359375
2 0.790625 0.38203125 0.009765625 0.044140625
2 0.778125 0.31796875 0.009375 0.037890625
2 0.716796875 0.27421875 0.0078125 0.03515625
2 0.752734375 0.3078125 0.009375 0.037890625
2 0.7640625 0.37578125 0.010546875 0.040625
1 0.159375 0.3765625 0.010546875 0.0453125
2 0.46953125 0.297265625 0.0078125 0.0390625
2 0.623828125 0.383984375 0.012890625 0.04921875
2 0.244921875 0.471484375 0.015625 0.048046875
2 0.675390625 0.403125 0.011328125 0.0453125
2 0.435546875 0.392578125 0.009765625 0.04453125
2 0.576953125 0.330859375 0.007421875 0.03984375
2 0.35078125 0.668359375 0.023046875 0.06796875
2 0.41796875 0.434375 0.009765625 0.046484375
2 0.19296875 0.476953125 0.015234375 0.053515625
3 0.616796875 0.42578125 0.0109375 0.046484375
2 0.776171875 0.46328125 0.012109375 0.056640625
2 0.18046875 0.6453125 0.02578125 0.0609375
2 0.8109375 0.5484375 0.013671875 0.0640625
2 0.516796875 0.484375 0.016015625 0.051953125
3 0.8859375 0.95625 0.0296875 0.0875
2 0.84609375 0.577734375 0.015234375 0.057421875
0 0.194140625 0.67109375 0.00703125 0.0125
2 0.794140625 0.391796875 0.01171875 0.0453125