2 0.319921875 0.35703125 0.008984375 0.03359375
2 0.458203125 0.291015625 0.010546875 0.037890625
2 0.316015625 0.367578125 0.009375 0.0390625
2 0.4828125 0.698046875 0.025 0.059375
2 0.1046875 0.669140625 0.019921875 0.0453125
2 0.3140625 0.55 0.019921875 0.037109375
2 0.572265625 0.42265625 0.011328125 0.041796875
2 0.3640625 0.43515625 0.009375 0.042578125
2 0.248046875 0.417578125 0.0109375 0.040625
2 0.551953125 0.445703125 0.009375 0.043359375
2 0.187109375 0.5453125 0.016796875 0.051953125
2 0.121484375 0.655078125 0.021484375 0.062109375
1 0.886328125 0.4265625 0.012890625 0.043359375
2 0.20234375 0.45234375 0.012109375 0.0453125
2 0.685546875 0.3640625 0.009765625 0.0390625
2 0.49453125 0.56953125 0.016015625 0.057421875
3 0.33515625 0.519140625 0.0109375 0.05078125
3 0.898046875 0.833203125 0.016796875 0.07578125
2 0.223828125 0.5234375 0.016015625 0.04921875
2 0.235546875 0.430078125 0.012109375 0.043359375
2 0.541015625 0.617578125 0.019140625 0.059375
2 0.823828125 0.614453125 0.014453125 0.058203125
2 0.418359375 0.73046875 0.0296875 0.05546875
0 0.42734375 0.724609375 0.008203125 0.015234375
3 0.323828125 0.285546875 0.00703125 0.027734375