2 0.726953125 0.2578125 0.0171875 0.028515625
2 0.383984375 0.25 0.0078125 0.0296875
2 0.630859375 0.24453125 0.007421875 0.027734375
2 0.62265625 0.251953125 0.0078125 0.0296875
2 0.375390625 0.3015625 0.0109375 0.043359375
2 0.372265625 0.33984375 0.009375 0.046484375
2 0.562109375 0.334765625 0.008984375 0.043359375
2 0.392578125 0.254296875 0.011328125 0.034375
2 0.558984375 0.252734375 0.008984375 0.03515625
2 0.707421875 0.268359375 0.012109375 0.033203125
2 0.650390625 0.309375 0.008984375 0.037109375
2 0.300390625 0.599609375 0.010546875 0.062109375
2 0.5140625 0.315234375 0.010546875 0.041796875
2 0.805078125 0.3734375 0.017578125 0.04921875
2 0.420703125 0.319921875 0.007421875 0.043359375
1 0.051171875 0.349609375 0.011328125 0.043359375
2 0.420703125 0.382421875 0.0125 0.048046875
2 0.66640625 0.353125 0.012109375 0.043359375
3 0.490625 0.369140625 0.011328125 0.0453125
2 0.530859375 0.4671875 0.014453125 0.0546875
2 0.713671875 0.46328125 0.0125 0.06015625
2 0.317578125 0.48046875 0.01875 0.053515625
3 0.41796875 0.21875 0.00859375 0.028125
0 0.73515625 0.270703125 0.005078125 0.01015625