2 0.814453125 0.266796875 0.012109375 0.03359375
2 0.858203125 0.341796875 0.014453125 0.044921875
2 0.724609375 0.2390625 0.011328125 0.03515625
2 0.845703125 0.247265625 0.008984375 0.031640625
2 0.829296875 0.3078125 0.009375 0.043359375
2 0.5921875 0.271875 0.008984375 0.03828125
2 0.866015625 0.382421875 0.012109375 0.051171875
2 0.725390625 0.31171875 0.008984375 0.03984375
2 0.583984375 0.36015625 0.0140625 0.05
2 0.795703125 0.308203125 0.0109375 0.042578125
2 0.577734375 0.24921875 0.0125 0.033203125
2 0.841796875 0.323046875 0.0109375 0.048046875
1 0.1484375 0.326171875 0.009375 0.043359375
2 0.412890625 0.296875 0.008984375 0.043359375
3 0.673828125 0.319140625 0.011328125 0.043359375
2 0.65390625 0.299609375 0.008984375 0.041796875
2 0.816796875 0.5046875 0.015234375 0.05546875
2 0.364453125 0.303125 0.011328125 0.041796875
2 0.790234375 0.35703125 0.012109375 0.043359375
2 0.415234375 0.349609375 0.0140625 0.0453125
2 0.358984375 0.387109375 0.0171875 0.05
2 0.51171875 0.526171875 0.01953125 0.065625
0 0.152734375 0.3453125 0.0046875 0.008203125
3 0.384765625 0.2296875 0.01015625 0.02890625