3 0.355078125 0.2859375 0.006640625 0.02578125
2 0.513671875 0.289453125 0.007421875 0.028515625
1 0.0140625 0.43828125 0.011328125 0.043359375
2 0.415625 0.5234375 0.011328125 0.043359375
2 0.295703125 0.43046875 0.009765625 0.044921875
1 0.907421875 0.408203125 0.0109375 0.04453125
2 0.361328125 0.337890625 0.007421875 0.0296875
2 0.430859375 0.546875 0.008984375 0.052734375
3 0.42109375 0.54765625 0.0140625 0.0546875
2 0.419140625 0.380859375 0.006640625 0.037890625
2 0.59765625 0.393359375 0.0078125 0.040625
2 0.36953125 0.478515625 0.008984375 0.046484375
2 0.27890625 0.440625 0.0109375 0.04453125
2 0.397265625 0.354296875 0.007421875 0.037890625
2 0.482421875 0.5234375 0.010546875 0.047265625
2 0.576953125 0.451953125 0.007421875 0.048046875
2 0.700390625 0.337109375 0.008984375 0.037109375
2 0.42421875 0.6140625 0.015234375 0.059375
2 0.567578125 0.43828125 0.0109375 0.0453125
2 0.30546875 0.794921875 0.016015625 0.067578125
2 0.783203125 0.5 0.019921875 0.05
2 0.28359375 0.610546875 0.012109375 0.062109375
2 0.341796875 0.5640625 0.012109375 0.057421875
2 0.2921875 0.409765625 0.009375 0.04453125
0 0.724609375 0.423046875 0.00546875 0.011328125