2 0.231640625 0.24375 0.0140625 0.04140625
2 0.343359375 0.17421875 0.0125 0.03515625
2 0.536328125 0.166796875 0.0109375 0.031640625
1 0.1890625 0.227734375 0.0125 0.0390625
2 0.644921875 0.193359375 0.008984375 0.0390625
2 0.4375 0.187890625 0.009375 0.040625
2 0.50625 0.333203125 0.010546875 0.051953125
2 0.470703125 0.199609375 0.008203125 0.041796875
2 0.71875 0.194921875 0.013671875 0.03984375
2 0.6625 0.23203125 0.008203125 0.043359375
2 0.084375 0.3484375 0.014453125 0.0546875
2 0.30546875 0.5046875 0.019140625 0.066796875
3 0.614453125 0.230859375 0.0078125 0.0453125
2 0.873046875 0.28984375 0.012109375 0.051953125
2 0.737890625 0.324609375 0.011328125 0.052734375
2 0.781640625 0.39453125 0.015234375 0.05546875
2 0.51484375 0.271875 0.012890625 0.04921875
2 0.455859375 0.297265625 0.0125 0.05
2 0.85234375 0.369140625 0.0140625 0.06015625
2 0.698828125 0.3078125 0.011328125 0.05078125
2 0.388671875 0.39609375 0.016796875 0.05859375
2 0.701953125 0.50703125 0.014453125 0.065625
3 0.88515625 0.91328125 0.0234375 0.10078125
0 0.22109375 0.25859375 0.0046875 0.009375
3 0.4015625 0.121484375 0.007421875 0.0328125