0 0.7453125 0.578515625 0.009375 0.01484375
3 0.280859375 0.191796875 0.0078125 0.042578125
2 0.321484375 0.219140625 0.009765625 0.052734375
2 0.606640625 0.283203125 0.0109375 0.05546875
2 0.345703125 0.28203125 0.0265625 0.06015625
2 0.665234375 0.278515625 0.013671875 0.057421875
2 0.24921875 0.2390625 0.0109375 0.051953125
2 0.179296875 0.318359375 0.018359375 0.066796875
2 0.930859375 0.506640625 0.019140625 0.096484375
2 0.644921875 0.4734375 0.0140625 0.0859375
2 0.58203125 0.58515625 0.0203125 0.087109375
2 0.3421875 0.409375 0.019921875 0.0796875
2 0.33671875 0.3640625 0.018359375 0.072265625
2 0.8421875 0.377734375 0.017578125 0.0703125
2 0.571484375 0.490234375 0.020703125 0.08984375
2 0.155859375 0.373046875 0.0171875 0.072265625
2 0.4859375 0.339453125 0.016796875 0.067578125
3 0.403515625 0.426953125 0.021484375 0.0796875
2 0.640234375 0.3875 0.023828125 0.071484375
2 0.299609375 0.41484375 0.016015625 0.081640625
2 0.097265625 0.405859375 0.021484375 0.082421875
2 0.644140625 0.5828125 0.038671875 0.091796875
2 0.198828125 0.46015625 0.0359375 0.0890625