2 0.945703125 0.5546875 0.012890625 0.053515625
2 0.896484375 0.5140625 0.015234375 0.048046875
2 0.637109375 0.508203125 0.01328125 0.04453125
2 0.350390625 0.466796875 0.012109375 0.0390625
2 0.494921875 0.412109375 0.007421875 0.031640625
2 0.657421875 0.44453125 0.011328125 0.0390625
2 0.3578125 0.5625 0.013671875 0.0546875
2 0.532421875 0.43984375 0.011328125 0.037109375
2 0.61796875 0.471484375 0.008984375 0.0390625
2 0.173828125 0.425390625 0.008203125 0.0359375
3 0.501953125 0.483203125 0.010546875 0.04453125
2 0.36640625 0.576953125 0.016015625 0.05
2 0.180078125 0.53984375 0.009765625 0.05
2 0.283203125 0.400390625 0.005859375 0.03046875
2 0.602734375 0.53671875 0.015234375 0.05078125
2 0.15078125 0.505859375 0.012109375 0.05078125
2 0.78671875 0.61015625 0.015234375 0.062890625
2 0.350390625 0.6796875 0.017578125 0.07421875
2 0.15 0.5796875 0.021875 0.0609375
2 0.744140625 0.618359375 0.014453125 0.059375
2 0.541015625 0.64921875 0.016796875 0.066796875
3 0.133984375 0.385546875 0.009375 0.034765625
1 0.87734375 0.471484375 0.015234375 0.042578125
0 0.457421875 0.433203125 0.00703125 0.01328125