3 0.219921875 0.36171875 0.008203125 0.035546875
1 0.912109375 0.441796875 0.0140625 0.042578125
2 0.561328125 0.426953125 0.011328125 0.0390625
2 0.25546875 0.417578125 0.008984375 0.040625
2 0.693359375 0.466796875 0.011328125 0.046484375
2 0.219921875 0.63671875 0.019921875 0.0640625
2 0.912109375 0.587890625 0.026171875 0.066796875
2 0.3546875 0.403125 0.009375 0.037890625
2 0.547265625 0.454296875 0.013671875 0.0453125
2 0.458984375 0.566796875 0.0171875 0.059375
2 0.23125 0.501953125 0.01875 0.051953125
3 0.491796875 0.480078125 0.016015625 0.04921875
2 0.666015625 0.48671875 0.011328125 0.0546875
2 0.834765625 0.63515625 0.015625 0.06484375
2 0.806640625 0.66484375 0.0171875 0.07421875
2 0.587109375 0.564453125 0.017578125 0.06015625
2 0.327734375 0.496875 0.015625 0.047265625
2 0.235546875 0.644921875 0.021484375 0.0640625
2 0.886328125 0.552734375 0.015625 0.059375
2 0.523046875 0.6875 0.01875 0.078515625
2 0.344140625 0.64296875 0.01875 0.073046875
2 0.302734375 0.56328125 0.0203125 0.06015625
0 0.102734375 0.591796875 0.013671875 0.02265625
2 0.589453125 0.542578125 0.016796875 0.0625