2 0.5609375 0.40703125 0.009375 0.026953125
3 0.32421875 0.3671875 0.0078125 0.026953125
2 0.533984375 0.41484375 0.009765625 0.037109375
2 0.581640625 0.410546875 0.007421875 0.037890625
2 0.49765625 0.39921875 0.008984375 0.037109375
2 0.559375 0.440234375 0.009375 0.04921875
2 0.43046875 0.397265625 0.008984375 0.037109375
2 0.703125 0.431640625 0.008203125 0.04453125
1 0.008203125 0.45703125 0.008203125 0.052734375
2 0.304296875 0.416796875 0.008203125 0.04453125
2 0.407421875 0.455859375 0.013671875 0.047265625
2 0.675 0.787890625 0.021875 0.092578125
2 0.5140625 0.57578125 0.013671875 0.066796875
2 0.479296875 0.4484375 0.008984375 0.04921875
2 0.912890625 0.632421875 0.015625 0.0703125
2 0.616015625 0.49296875 0.016796875 0.0546875
2 0.681640625 0.434375 0.013671875 0.046484375
3 0.591796875 0.451953125 0.009765625 0.05
2 0.819921875 0.506640625 0.0171875 0.057421875
2 0.53125 0.527734375 0.011328125 0.057421875
2 0.217578125 0.48046875 0.0109375 0.057421875
2 0.849609375 0.551953125 0.013671875 0.066796875
2 0.108984375 0.657421875 0.024609375 0.087109375
0 0.55703125 0.409765625 0.00390625 0.007421875