3 0.33828125 0.2390625 0.008984375 0.0296875
2 0.233203125 0.4046875 0.010546875 0.04453125
2 0.4203125 0.3015625 0.007421875 0.03046875
2 0.600390625 0.314453125 0.009375 0.037890625
2 0.66015625 0.35078125 0.012109375 0.038671875
2 0.431640625 0.3625 0.009375 0.037890625
2 0.233984375 0.49453125 0.0125 0.046484375
2 0.67265625 0.290625 0.0078125 0.031640625
2 0.621484375 0.32421875 0.012890625 0.033203125
2 0.541015625 0.290625 0.009765625 0.033203125
2 0.694140625 0.332421875 0.008984375 0.037109375
2 0.423046875 0.3390625 0.0125 0.037109375
2 0.39296875 0.281640625 0.009765625 0.03515625
2 0.794921875 0.362109375 0.010546875 0.04453125
3 0.6046875 0.36796875 0.008203125 0.0453125
2 0.696875 0.406640625 0.013671875 0.04453125
2 0.47578125 0.48828125 0.012109375 0.06015625
2 0.22578125 0.45 0.012890625 0.057421875
2 0.272265625 0.325 0.010546875 0.040625
2 0.358203125 0.403515625 0.009765625 0.046484375
2 0.77578125 0.4546875 0.009765625 0.05546875
2 0.396484375 0.571875 0.01875 0.062109375