2 0.668359375 0.316796875 0.008203125 0.04453125
2 0.6578125 0.312890625 0.007421875 0.03515625
2 0.721875 0.35234375 0.005859375 0.0375
2 0.6296875 0.3203125 0.008203125 0.037109375
2 0.5359375 0.278125 0.008203125 0.032421875
2 0.492578125 0.26484375 0.011328125 0.0296875
2 0.678125 0.36171875 0.009375 0.047265625
2 0.604296875 0.3234375 0.010546875 0.034375
2 0.338671875 0.33515625 0.009765625 0.04296875
2 0.555078125 0.343359375 0.010546875 0.042578125
3 0.03359375 0.301953125 0.010546875 0.0390625
3 0.5234375 0.331640625 0.009375 0.042578125
2 0.1828125 0.387890625 0.011328125 0.05
2 0.383984375 0.466796875 0.0125 0.057421875
2 0.446875 0.384765625 0.009375 0.047265625
2 0.422265625 0.46953125 0.010546875 0.05546875
2 0.604296875 0.26640625 0.008203125 0.033203125
2 0.612109375 0.269921875 0.01015625 0.031640625
2 0.68046875 0.35078125 0.01015625 0.040234375
1 0.72109375 0.318359375 0.008203125 0.04296875
2 0.72421875 0.342578125 0.007421875 0.0390625
0 0.50078125 0.2734375 0.00390625 0.00703125
2 0.337890625 0.31640625 0.0125 0.039453125