2 0.358984375 0.255859375 0.007421875 0.026953125
2 0.34609375 0.265234375 0.0078125 0.028515625
2 0.448046875 0.31953125 0.006640625 0.035546875
2 0.453515625 0.4734375 0.0109375 0.044921875
2 0.294140625 0.315625 0.006640625 0.033203125
2 0.276171875 0.391796875 0.008203125 0.042578125
2 0.451953125 0.361328125 0.009375 0.037109375
1 0.812109375 0.321875 0.009375 0.037890625
2 0.328515625 0.28671875 0.008203125 0.03046875
2 0.801953125 0.37578125 0.008984375 0.0390625
2 0.591796875 0.303125 0.0078125 0.0359375
2 0.283203125 0.352734375 0.008984375 0.037109375
2 0.6515625 0.265625 0.007421875 0.031640625
2 0.28125 0.46796875 0.009375 0.043359375
2 0.342578125 0.4140625 0.008203125 0.04453125
1 0.022265625 0.3890625 0.014453125 0.042578125
2 0.556640625 0.334765625 0.008203125 0.034375
2 0.835546875 0.609375 0.016015625 0.0609375
3 0.392578125 0.365625 0.0078125 0.040625
2 0.302734375 0.632421875 0.015625 0.059375
2 0.63125 0.3703125 0.007421875 0.040625
0 0.792578125 0.39140625 0.005078125 0.009765625
2 0.502734375 0.234375 0.006640625 0.027734375
2 0.440234375 0.2609375 0.00703125 0.0328125
3 0.316796875 0.237890625 0.0078125 0.02890625