1 0.119140625 0.36953125 0.009765625 0.0390625
2 0.46015625 0.707421875 0.02421875 0.06875
2 0.670703125 0.330859375 0.007421875 0.034375
2 0.5125 0.544921875 0.01875 0.04765625
2 0.41953125 0.4265625 0.012890625 0.041796875
2 0.42734375 0.48046875 0.012890625 0.046484375
2 0.369140625 0.342578125 0.0109375 0.03515625
2 0.508203125 0.299609375 0.00625 0.03046875
2 0.192578125 0.49765625 0.009375 0.047265625
2 0.184765625 0.59765625 0.019140625 0.04921875
2 0.662109375 0.454296875 0.012109375 0.04921875
3 0.541796875 0.43671875 0.008203125 0.041796875
2 0.734375 0.352734375 0.009375 0.037109375
2 0.594921875 0.396484375 0.010546875 0.040625
2 0.35703125 0.37734375 0.0078125 0.037890625
2 0.723046875 0.4171875 0.014453125 0.041796875
2 0.673828125 0.468359375 0.012890625 0.037109375
2 0.596875 0.49296875 0.015625 0.034375
2 0.266015625 0.612890625 0.017578125 0.05546875
2 0.773046875 0.444140625 0.018359375 0.041796875
2 0.521484375 0.6234375 0.025 0.058203125
3 0.866796875 0.840625 0.026171875 0.081640625
2 0.1125 0.46953125 0.013671875 0.046875
3 0.35546875 0.252734375 0.0078125 0.028515625