2 0.83828125 0.408984375 0.01875 0.064453125
1 0.0046875 0.333984375 0.009375 0.0546875
2 0.42734375 0.283984375 0.0140625 0.037890625
2 0.808984375 0.426953125 0.019140625 0.06484375
3 0.602734375 0.377734375 0.020703125 0.059375
2 0.410546875 0.32265625 0.0125 0.052734375
2 0.81875 0.4421875 0.020703125 0.065625
2 0.387890625 0.35 0.0171875 0.05546875
2 0.3921875 0.3828125 0.013671875 0.06015625
2 0.616796875 0.31796875 0.0109375 0.0546875
2 0.695703125 0.292578125 0.009375 0.05
2 0.5625 0.40625 0.016015625 0.0625
2 0.8203125 0.341796875 0.0140625 0.053515625
2 0.55859375 0.34453125 0.015234375 0.05546875
2 0.187109375 0.378515625 0.0125 0.0609375
2 0.8328125 0.354296875 0.013671875 0.058203125
2 0.542578125 0.40234375 0.01875 0.0640625
2 0.415234375 0.377734375 0.019921875 0.053515625
2 0.2296875 0.4328125 0.025 0.062109375
2 0.544921875 0.53984375 0.023828125 0.077734375
2 0.721484375 0.51015625 0.026171875 0.072265625
2 0.287109375 0.351953125 0.018359375 0.051953125
0 0.455078125 0.301171875 0.00546875 0.010546875
3 0.396484375 0.22265625 0.011328125 0.0390625