1 0.141015625 0.3984375 0.0109375 0.037890625
2 0.756640625 0.389453125 0.0109375 0.043359375
0 0.252734375 0.590625 0.00625 0.009375
2 0.31875 0.358203125 0.009375 0.037109375
2 0.438671875 0.416796875 0.0109375 0.04453125
2 0.612890625 0.371875 0.008203125 0.037890625
2 0.83515625 0.4734375 0.012890625 0.052734375
2 0.363671875 0.387890625 0.009765625 0.04453125
3 0.562890625 0.426953125 0.009765625 0.042578125
2 0.678515625 0.43984375 0.009375 0.05
2 0.370703125 0.489453125 0.015625 0.052734375
2 0.533984375 0.38671875 0.008203125 0.041796875
2 0.773046875 0.480078125 0.0125 0.056640625
2 0.864453125 0.534765625 0.0125 0.0640625
2 0.438671875 0.534375 0.016796875 0.05546875
2 0.717578125 0.61328125 0.017578125 0.06953125
2 0.21171875 0.5453125 0.012890625 0.057421875
2 0.844140625 0.495703125 0.015625 0.058203125
2 0.590625 0.52421875 0.011328125 0.0609375
2 0.622265625 0.590234375 0.0109375 0.06953125
2 0.379296875 0.6203125 0.016796875 0.0703125
2 0.337109375 0.643359375 0.015625 0.0703125
3 0.951953125 0.766015625 0.0296875 0.08984375
2 0.52109375 0.316015625 0.008984375 0.03046875
3 0.4171875 0.299609375 0.008203125 0.027734375