2 0.459765625 0.4796875 0.0328125 0.05859375
2 0.40390625 0.300390625 0.0109375 0.047265625
1 0.00546875 0.330078125 0.0109375 0.056640625
2 0.476171875 0.33515625 0.0140625 0.04453125
2 0.721484375 0.4609375 0.014453125 0.066796875
2 0.587890625 0.412109375 0.012890625 0.062890625
2 0.7671875 0.34453125 0.011328125 0.057421875
3 0.444140625 0.4171875 0.010546875 0.06015625
2 0.48203125 0.455859375 0.0140625 0.06953125
2 0.4921875 0.35078125 0.017578125 0.05
2 0.794921875 0.367578125 0.015234375 0.062890625
2 0.732421875 0.4703125 0.0125 0.077734375
2 0.56640625 0.37734375 0.015234375 0.06015625
2 0.823828125 0.378515625 0.015234375 0.062890625
2 0.23828125 0.354296875 0.015234375 0.058203125
2 0.5015625 0.4859375 0.016796875 0.062890625
2 0.353125 0.412890625 0.021875 0.05
2 0.29609375 0.5203125 0.0140625 0.081640625
2 0.187109375 0.42421875 0.016015625 0.066796875
2 0.105078125 0.3796875 0.0203125 0.062890625
2 0.58359375 0.52734375 0.019140625 0.075
0 0.433203125 0.43671875 0.005859375 0.012890625
2 0.462109375 0.474609375 0.0171875 0.062890625
3 0.398046875 0.21796875 0.011328125 0.039453125