2 0.4421875 0.2703125 0.009765625 0.0390625
2 0.522265625 0.284765625 0.008984375 0.041796875
2 0.57421875 0.3 0.009765625 0.048046875
2 0.299609375 0.322265625 0.013671875 0.051953125
3 0.50859375 0.30078125 0.0109375 0.046484375
2 0.292578125 0.275 0.0109375 0.046484375
2 0.539453125 0.341015625 0.009375 0.047265625
2 0.454296875 0.293359375 0.009375 0.051953125
2 0.33984375 0.28046875 0.009765625 0.040625
2 0.651171875 0.343359375 0.008203125 0.05546875
2 0.639453125 0.340625 0.0125 0.05546875
1 0.88828125 0.327734375 0.008984375 0.05546875
2 0.5296875 0.390625 0.014453125 0.0609375
2 0.184375 0.340234375 0.010546875 0.056640625
2 0.364453125 0.35703125 0.012109375 0.056640625
2 0.47421875 0.5109375 0.0171875 0.0796875
2 0.594140625 0.362109375 0.011328125 0.059375
2 0.232421875 0.449609375 0.015234375 0.071484375
2 0.706640625 0.407421875 0.0125 0.062890625
2 0.844140625 0.652734375 0.026171875 0.09453125
0 0.289453125 0.31015625 0.00546875 0.01171875
2 0.506640625 0.287890625 0.011328125 0.0515625
2 0.446875 0.26171875 0.0109375 0.03828125
3 0.16640625 0.26875 0.008984375 0.044921875