2 0.464453125 0.269140625 0.010546875 0.028515625
2 0.651953125 0.280078125 0.008203125 0.036328125
2 0.8078125 0.295703125 0.009375 0.03984375
2 0.791796875 0.303125 0.0125 0.0453125
2 0.54453125 0.289453125 0.0109375 0.043359375
2 0.507421875 0.2859375 0.008984375 0.040625
2 0.774609375 0.332421875 0.014453125 0.053515625
1 0.080859375 0.315625 0.009765625 0.05
2 0.570703125 0.28046875 0.013671875 0.037109375
3 0.540234375 0.3390625 0.009375 0.05
2 0.81953125 0.3296875 0.012890625 0.053515625
2 0.457421875 0.3 0.009765625 0.048046875
2 0.601953125 0.33515625 0.0109375 0.046484375
2 0.371875 0.298046875 0.011328125 0.042578125
2 0.319921875 0.3015625 0.008984375 0.0453125
2 0.57109375 0.344140625 0.0140625 0.052734375
2 0.848828125 0.38828125 0.013671875 0.062109375
2 0.28125 0.347265625 0.014453125 0.05
2 0.73125 0.4375 0.013671875 0.0640625
2 0.25859375 0.400390625 0.018359375 0.056640625
2 0.4859375 0.3484375 0.010546875 0.0546875
3 0.38828125 0.244921875 0.0109375 0.037109375
0 0.451171875 0.28359375 0.0046875 0.008203125
2 0.655859375 0.277734375 0.008984375 0.036328125