2 0.1875 0.55859375 0.022265625 0.075390625
2 0.43828125 0.558203125 0.021484375 0.080859375
2 0.211328125 0.458203125 0.02265625 0.0640625
2 0.19140625 0.49453125 0.02265625 0.06640625
2 0.422265625 0.448046875 0.01796875 0.06875
2 0.951171875 0.33046875 0.013671875 0.052734375
2 0.408203125 0.3359375 0.0125 0.048828125
2 0.8671875 0.379296875 0.015625 0.056640625
2 0.953515625 0.434765625 0.0203125 0.06953125
2 0.897265625 0.285546875 0.010546875 0.046484375
2 0.68359375 0.43671875 0.02734375 0.069140625
3 0.46875 0.406640625 0.018359375 0.065625
2 0.362890625 0.39765625 0.023046875 0.05234375
2 0.380859375 0.311328125 0.010546875 0.054296875
2 0.465625 0.275390625 0.011328125 0.04296875
2 0.4875 0.2734375 0.01796875 0.04609375
1 0.153125 0.3140625 0.015625 0.047265625
2 0.701171875 0.31640625 0.01328125 0.04921875
2 0.32734375 0.336328125 0.014453125 0.0515625
2 0.796875 0.30859375 0.01640625 0.051171875
2 0.36640625 0.33125 0.01484375 0.050390625
3 0.5171875 0.209375 0.008984375 0.0359375
2 0.351953125 0.402734375 0.01640625 0.055859375
0 0.192578125 0.58359375 0.00703125 0.01328125