2 0.446484375 0.284765625 0.0109375 0.0359375
2 0.5671875 0.3453125 0.010546875 0.049609375
2 0.587890625 0.284765625 0.009375 0.03984375
2 0.605078125 0.2984375 0.008984375 0.041796875
2 0.645703125 0.332421875 0.008984375 0.046484375
2 0.722265625 0.396484375 0.0125 0.066796875
2 0.523828125 0.391015625 0.010546875 0.05078125
2 0.99453125 0.352734375 0.0109375 0.05703125
2 0.516796875 0.3265625 0.009375 0.047265625
2 0.31484375 0.343359375 0.012109375 0.046484375
2 0.555078125 0.326953125 0.009375 0.05
2 0.425390625 0.433984375 0.015234375 0.0640625
2 0.7265625 0.40546875 0.013671875 0.059375
2 0.683984375 0.354296875 0.015234375 0.0546875
2 0.45078125 0.3921875 0.012890625 0.058203125
2 0.507421875 0.597265625 0.01875 0.090625
2 0.211328125 0.4984375 0.022265625 0.075
2 0.63671875 0.428125 0.0140625 0.0640625
2 0.5875 0.46328125 0.013671875 0.0640625
2 0.863671875 0.69296875 0.022265625 0.0953125
2 0.79453125 0.4984375 0.0140625 0.06953125
3 0.567578125 0.356640625 0.01015625 0.052734375
0 0.38046875 0.3390625 0.00546875 0.01015625
3 0.28359375 0.26953125 0.0125 0.0390625