2 0.615625 0.418359375 0.011328125 0.042578125
2 0.513671875 0.38984375 0.009375 0.040625
2 0.306640625 0.384375 0.011328125 0.0390625
2 0.630078125 0.4 0.011328125 0.040625
2 0.711328125 0.380859375 0.007421875 0.043359375
3 0.50390625 0.408984375 0.0109375 0.041796875
1 0.152734375 0.3828125 0.013671875 0.041796875
2 0.40546875 0.4109375 0.0109375 0.042578125
2 0.595703125 0.5140625 0.011328125 0.0609375
2 0.77578125 0.442578125 0.009765625 0.05
2 0.229296875 0.46484375 0.009375 0.05
2 0.31484375 0.42578125 0.008984375 0.048046875
2 0.73125 0.480078125 0.010546875 0.056640625
2 0.744921875 0.476953125 0.0109375 0.05546875
2 0.5453125 0.4578125 0.011328125 0.04921875
2 0.50234375 0.469921875 0.012890625 0.04921875
2 0.5734375 0.72734375 0.020703125 0.078515625
2 0.228515625 0.5140625 0.0109375 0.05546875
3 0.960546875 0.741015625 0.025 0.0859375
2 0.706640625 0.5734375 0.017578125 0.065625
2 0.3453125 0.537109375 0.010546875 0.053515625
2 0.633984375 0.719140625 0.017578125 0.087890625
2 0.478125 0.61796875 0.016796875 0.067578125
2 0.605078125 0.507421875 0.014453125 0.035546875
2 0.545703125 0.320703125 0.009375 0.032421875
3 0.4109375 0.299609375 0.00546875 0.025390625
0 0.306640625 0.4015625 0.005078125 0.0078125