2 0.680078125 0.3375 0.011328125 0.03984375
2 0.422265625 0.294921875 0.009765625 0.037890625
2 0.651953125 0.38984375 0.014453125 0.051953125
2 0.654296875 0.309765625 0.0109375 0.0359375
2 0.693359375 0.366796875 0.0171875 0.051953125
0 0.260546875 0.580078125 0.007421875 0.012109375
2 0.815234375 0.4125 0.015234375 0.058203125
2 0.480078125 0.322265625 0.013671875 0.04453125
2 0.53125 0.33828125 0.007421875 0.047265625
3 0.576171875 0.38984375 0.009375 0.051953125
2 0.806640625 0.441015625 0.011328125 0.056640625
2 0.843359375 0.4984375 0.021875 0.058203125
2 0.660546875 0.472265625 0.012109375 0.059375
2 0.6109375 0.259375 0.007421875 0.03515625
2 0.31953125 0.346484375 0.0109375 0.05
2 0.518359375 0.47578125 0.014453125 0.068359375
2 0.466796875 0.48828125 0.016796875 0.062109375
1 0.973046875 0.3421875 0.019140625 0.04921875
2 0.169140625 0.520703125 0.01875 0.067578125
2 0.53984375 0.553515625 0.0140625 0.0796875
2 0.777734375 0.465625 0.009375 0.062890625
2 0.429296875 0.62578125 0.019140625 0.083203125
3 0.30390625 0.25390625 0.008984375 0.036328125