2 0.51484375 0.258984375 0.0078125 0.0359375
2 0.52265625 0.283984375 0.0078125 0.037890625
2 0.578125 0.271484375 0.011328125 0.0390625
2 0.5984375 0.274609375 0.010546875 0.0359375
2 0.375 0.3015625 0.00859375 0.043359375
2 0.548046875 0.244921875 0.010546875 0.034375
2 0.337109375 0.267578125 0.008984375 0.0390625
2 0.617578125 0.2984375 0.009765625 0.0453125
2 0.538671875 0.3234375 0.008203125 0.037890625
3 0.553125 0.303515625 0.009375 0.04453125
2 0.38671875 0.325390625 0.008984375 0.0453125
2 0.525390625 0.368359375 0.010546875 0.05
2 0.202734375 0.312890625 0.012890625 0.04453125
2 0.343359375 0.362109375 0.012890625 0.05
2 0.701171875 0.3171875 0.014453125 0.047265625
1 0.915234375 0.31171875 0.0109375 0.047265625
2 0.66796875 0.3375 0.015234375 0.04921875
2 0.9015625 0.578125 0.013671875 0.0859375
2 0.7546875 0.45 0.016796875 0.055078125
2 0.446875 0.5328125 0.015625 0.091796875
2 0.209765625 0.434375 0.014453125 0.0609375
3 0.244140625 0.246875 0.0109375 0.034765625
0 0.273046875 0.306640625 0.0046875 0.009765625
2 0.38046875 0.270703125 0.009375 0.040234375