2 0.61953125 0.6203125 0.012109375 0.040625
1 0.911328125 0.423046875 0.0125 0.053515625
2 0.21953125 0.5671875 0.019140625 0.058203125
2 0.617578125 0.396875 0.016015625 0.04921875
2 0.634765625 0.48515625 0.0125 0.057421875
2 0.698828125 0.410546875 0.013671875 0.052734375
2 0.557421875 0.462890625 0.010546875 0.05546875
2 0.676953125 0.425 0.014453125 0.051953125
2 0.621875 0.659375 0.026171875 0.0703125
2 0.331640625 0.405859375 0.014453125 0.047265625
2 0.725390625 0.46015625 0.0125 0.0609375
3 0.5171875 0.51171875 0.016796875 0.056640625
2 0.651953125 0.521484375 0.015234375 0.068359375
2 0.480078125 0.566796875 0.014453125 0.068359375
2 0.173828125 0.554296875 0.0234375 0.065625
2 0.701171875 0.62734375 0.016796875 0.067578125
2 0.358984375 0.660546875 0.01875 0.076953125
2 0.848828125 0.6046875 0.017578125 0.07421875
2 0.040625 0.655078125 0.021875 0.084375
2 0.6078125 0.728125 0.030078125 0.078515625
2 0.559375 0.564453125 0.020703125 0.062109375
3 0.12578125 0.30703125 0.011328125 0.041796875
2 0.748828125 0.81640625 0.027734375 0.0953125