2 0.463671875 0.4390625 0.019140625 0.040625
2 0.542578125 0.502734375 0.015625 0.056640625
3 0.60625 0.527734375 0.019921875 0.053515625
2 0.369921875 0.49921875 0.013671875 0.051953125
2 0.57265625 0.394921875 0.012109375 0.043359375
2 0.526953125 0.458203125 0.0109375 0.05
2 0.45703125 0.468359375 0.012890625 0.048046875
1 0.164453125 0.469921875 0.0265625 0.0453125
2 0.5640625 0.425390625 0.009375 0.052734375
2 0.592578125 0.51328125 0.016796875 0.058203125
2 0.42578125 0.481640625 0.0265625 0.053515625
2 0.669140625 0.4203125 0.0109375 0.048046875
2 0.369921875 0.53203125 0.01875 0.0546875
2 0.480859375 0.495703125 0.016796875 0.058203125
2 0.305078125 0.589453125 0.016796875 0.062109375
2 0.873046875 0.539453125 0.015234375 0.0640625
2 0.80390625 0.583203125 0.012890625 0.0703125
2 0.5234375 0.555859375 0.013671875 0.0640625
2 0.655859375 0.527734375 0.0171875 0.0609375
2 0.296875 0.6359375 0.015625 0.0703125
2 0.717578125 0.625 0.014453125 0.072265625
2 0.535546875 0.49140625 0.01171875 0.059765625
3 0.58515625 0.35390625 0.015625 0.036328125
0 0.4265625 0.4203125 0.007421875 0.0125