1 0.996484375 0.503515625 0.006640625 0.037109375
2 0.592578125 0.392578125 0.009375 0.033203125
2 0.375390625 0.462109375 0.0078125 0.042578125
2 0.462109375 0.491015625 0.012109375 0.043359375
2 0.405078125 0.535546875 0.010546875 0.04921875
2 0.687890625 0.4546875 0.010546875 0.040625
2 0.459765625 0.434375 0.008984375 0.037109375
2 0.33046875 0.484375 0.012890625 0.04453125
2 0.364453125 0.4421875 0.0078125 0.037890625
2 0.35 0.7796875 0.021875 0.066796875
2 0.47890625 0.4875 0.0078125 0.043359375
3 0.4375 0.58984375 0.0140625 0.05546875
3 0.969140625 0.8203125 0.0234375 0.07578125
2 0.6296875 0.55703125 0.011328125 0.0453125
2 0.846875 0.619921875 0.014453125 0.058203125
2 0.351171875 0.547265625 0.014453125 0.051953125
2 0.622265625 0.585546875 0.011328125 0.05078125
2 0.457421875 0.6453125 0.0140625 0.0609375
2 0.294140625 0.5578125 0.0125 0.05078125
2 0.548828125 0.770703125 0.013671875 0.067578125
2 0.287109375 0.682421875 0.014453125 0.0609375
2 0.51796875 0.642578125 0.012109375 0.059375
2 0.490234375 0.73671875 0.014453125 0.071484375
3 0.38515625 0.36796875 0.00859375 0.032421875
0 0.62578125 0.56640625 0.005859375 0.01015625