1 0.866796875 0.42109375 0.025390625 0.06171875
2 0.633984375 0.40546875 0.015625 0.048046875
2 0.648046875 0.404296875 0.0125 0.052734375
2 0.68671875 0.448046875 0.0140625 0.059375
2 0.66953125 0.428515625 0.0109375 0.048046875
3 0.50390625 0.505859375 0.015234375 0.058203125
2 0.587109375 0.643359375 0.021484375 0.06484375
2 0.6265625 0.487890625 0.011328125 0.057421875
2 0.546484375 0.640234375 0.017578125 0.06953125
2 0.3109375 0.430078125 0.0125 0.052734375
2 0.534765625 0.47734375 0.0109375 0.058203125
2 0.662109375 0.516796875 0.012890625 0.062890625
2 0.736328125 0.623046875 0.016796875 0.066796875
2 0.747265625 0.527734375 0.015625 0.05546875
2 0.601953125 0.560546875 0.0140625 0.062109375
2 0.1515625 0.572265625 0.0125 0.068359375
2 0.7 0.5859375 0.019921875 0.06484375
2 0.351953125 0.641796875 0.012109375 0.077734375
2 0.164453125 0.6171875 0.012890625 0.065625
2 0.497265625 0.554296875 0.018359375 0.065625
2 0.641015625 0.691796875 0.016796875 0.077734375
2 0.046484375 0.671875 0.0265625 0.0859375
0 0.55234375 0.662109375 0.008203125 0.0109375
3 0.08515625 0.32734375 0.01171875 0.044921875