2 0.5765625 0.34765625 0.0109375 0.03828125
2 0.482421875 0.366015625 0.009375 0.034375
2 0.599609375 0.365234375 0.010546875 0.0359375
2 0.490234375 0.365234375 0.011328125 0.0359375
2 0.634765625 0.387109375 0.0125 0.03515625
2 0.262890625 0.378515625 0.0171875 0.042578125
2 0.536328125 0.380859375 0.012890625 0.0359375
1 0.035546875 0.467578125 0.0109375 0.051953125
2 0.738671875 0.4046875 0.013671875 0.037109375
2 0.451953125 0.4453125 0.009375 0.046484375
2 0.583984375 0.43828125 0.012109375 0.04375
2 0.688671875 0.419140625 0.011328125 0.043359375
2 0.480078125 0.456640625 0.012109375 0.04453125
2 0.376953125 0.52421875 0.008984375 0.053515625
3 0.65234375 0.433984375 0.016015625 0.0453125
2 0.796484375 0.444140625 0.0109375 0.047265625
2 0.112109375 0.603515625 0.0171875 0.0609375
2 0.60078125 0.609765625 0.0203125 0.062109375
2 0.266796875 0.4328125 0.015234375 0.043359375
3 0.82265625 0.883984375 0.024609375 0.0859375
2 0.75078125 0.63671875 0.012109375 0.0640625
2 0.798046875 0.551953125 0.014453125 0.0609375
3 0.336328125 0.335546875 0.010546875 0.034765625
0 0.58359375 0.384375 0.00703125 0.01171875
2 0.58359375 0.4234375 0.01171875 0.042578125