2 0.3578125 0.43828125 0.011328125 0.03984375
3 0.465234375 0.4875 0.01875 0.04921875
3 0.441796875 0.36171875 0.009375 0.034375
2 0.558203125 0.428125 0.009765625 0.034375
2 0.830859375 0.51328125 0.025 0.04765625
2 0.427734375 0.446875 0.009375 0.043359375
2 0.374609375 0.41796875 0.009375 0.043359375
2 0.35078125 0.465625 0.016015625 0.051953125
2 0.78359375 0.419921875 0.0109375 0.056640625
2 0.324609375 0.45703125 0.013671875 0.052734375
2 0.188671875 0.45 0.0109375 0.046484375
2 0.89296875 0.46796875 0.0140625 0.047265625
2 0.526953125 0.428125 0.014453125 0.034375
2 0.35546875 0.5078125 0.012890625 0.05078125
2 0.77265625 0.428125 0.018359375 0.043359375
2 0.235546875 0.500390625 0.0125 0.047265625
2 0.479296875 0.51015625 0.019921875 0.046484375
2 0.2140625 0.514453125 0.0125 0.056640625
2 0.538671875 0.593359375 0.016015625 0.057421875
2 0.733984375 0.612890625 0.022265625 0.05546875
0 0.564453125 0.44921875 0.00546875 0.009765625
1 0.1390625 0.472265625 0.019140625 0.05703125
2 0.832421875 0.5 0.0171875 0.04921875