2 0.59296875 0.4140625 0.012109375 0.046484375
2 0.47109375 0.591796875 0.014453125 0.07578125
0 0.576953125 0.6578125 0.009765625 0.012109375
2 0.58515625 0.446875 0.0203125 0.052734375
2 0.5046875 0.362109375 0.010546875 0.05
2 0.368359375 0.356640625 0.015234375 0.053515625
2 0.70625 0.59921875 0.016796875 0.06484375
2 0.537890625 0.406640625 0.015625 0.051953125
2 0.425390625 0.3515625 0.009765625 0.04921875
2 0.601953125 0.44453125 0.015234375 0.057421875
1 0.8859375 0.4421875 0.013671875 0.06015625
2 0.635546875 0.46953125 0.0140625 0.07578125
2 0.50546875 0.4296875 0.009765625 0.057421875
3 0.462890625 0.454296875 0.0125 0.058203125
2 0.556640625 0.508203125 0.016796875 0.066796875
2 0.4078125 0.528125 0.014453125 0.0640625
2 0.1015625 0.41953125 0.013671875 0.059375
2 0.693359375 0.500390625 0.025390625 0.0640625
2 0.485546875 0.6046875 0.021484375 0.06484375
2 0.080859375 0.5296875 0.0171875 0.066796875
2 0.2328125 0.52734375 0.016796875 0.065625
2 0.4796875 0.58203125 0.019140625 0.069140625