2 0.621484375 0.545703125 0.0171875 0.04921875
2 0.61796875 0.572265625 0.016015625 0.0609375
1 0.861328125 0.4265625 0.013671875 0.055859375
2 0.61875 0.39765625 0.014453125 0.056640625
2 0.65390625 0.447265625 0.008984375 0.051953125
2 0.59609375 0.556640625 0.0234375 0.059375
2 0.616015625 0.484375 0.0125 0.057421875
2 0.684375 0.437109375 0.0125 0.057421875
2 0.455078125 0.483203125 0.011328125 0.05546875
2 0.513671875 0.544921875 0.010546875 0.062109375
3 0.487109375 0.51953125 0.012890625 0.0609375
2 0.660546875 0.514453125 0.016796875 0.062109375
2 0.766015625 0.512890625 0.0140625 0.062890625
2 0.305078125 0.458203125 0.009765625 0.057421875
2 0.736328125 0.565234375 0.017578125 0.06015625
2 0.560546875 0.424609375 0.012890625 0.05078125
2 0.090625 0.675390625 0.019921875 0.0859375
2 0.087890625 0.71328125 0.022265625 0.078515625
2 0.116796875 0.6078125 0.0140625 0.073046875
2 0.658203125 0.6015625 0.019921875 0.065625
2 0.363671875 0.61484375 0.016015625 0.07421875
2 0.598046875 0.629296875 0.019921875 0.071484375
3 0.069140625 0.33125 0.01484375 0.044140625
0 0.589453125 0.5828125 0.00703125 0.0140625