2 0.33203125 0.35703125 0.0140625 0.04140625
3 0.917578125 0.97109375 0.03046875 0.0578125
2 0.212109375 0.477734375 0.012890625 0.05546875
2 0.381640625 0.389453125 0.0140625 0.041796875
1 0.039453125 0.44296875 0.014453125 0.04921875
3 0.39375 0.46484375 0.01640625 0.05390625
2 0.34453125 0.388671875 0.015234375 0.0375
2 0.244140625 0.466015625 0.022265625 0.05078125
2 0.608984375 0.38515625 0.010546875 0.04453125
2 0.680078125 0.491796875 0.012109375 0.051953125
2 0.201953125 0.483984375 0.012109375 0.052734375
2 0.719921875 0.621484375 0.0234375 0.062890625
2 0.541796875 0.441015625 0.010546875 0.04921875
2 0.844921875 0.43828125 0.0125 0.04921875
2 0.240234375 0.41015625 0.014453125 0.046484375
2 0.32734375 0.420703125 0.019140625 0.043359375
2 0.789453125 0.425 0.018359375 0.051953125
2 0.523046875 0.535546875 0.014453125 0.062109375
2 0.815625 0.48671875 0.015625 0.062109375
2 0.64609375 0.61796875 0.0203125 0.067578125
2 0.178515625 0.46953125 0.01875 0.05546875
2 0.751171875 0.5234375 0.0171875 0.0640625
2 0.345703125 0.5015625 0.0203125 0.0546875
3 0.375390625 0.328515625 0.0125 0.0390625
0 0.324609375 0.39140625 0.0046875 0.00859375