2 0.612109375 0.413671875 0.0125 0.04296875
2 0.551171875 0.4296875 0.015625 0.04453125
2 0.56171875 0.406640625 0.016015625 0.040625
2 0.55390625 0.38828125 0.0109375 0.041015625
1 0.151171875 0.45703125 0.0109375 0.056640625
2 0.371875 0.469921875 0.01875 0.052734375
2 0.498046875 0.407421875 0.0109375 0.046484375
3 0.878125 0.9703125 0.021875 0.059375
2 0.622265625 0.410546875 0.011328125 0.04921875
2 0.81328125 0.4921875 0.021875 0.052734375
2 0.465234375 0.47421875 0.012890625 0.048046875
2 0.562890625 0.5984375 0.016796875 0.0640625
2 0.773828125 0.58828125 0.012890625 0.06953125
2 0.285546875 0.573046875 0.011328125 0.059375
2 0.337890625 0.506640625 0.011328125 0.05546875
2 0.905078125 0.53828125 0.012890625 0.0640625
2 0.3140625 0.516015625 0.011328125 0.06015625
2 0.273828125 0.608984375 0.0125 0.062109375
3 0.550390625 0.495703125 0.015625 0.0546875
2 0.446484375 0.485546875 0.012890625 0.052734375
2 0.694921875 0.479296875 0.022265625 0.04921875
2 0.669921875 0.525390625 0.0125 0.058203125
2 0.740234375 0.641015625 0.017578125 0.073046875
0 0.631640625 0.456640625 0.005078125 0.009375
3 0.5359375 0.347265625 0.010546875 0.040234375