2 0.561328125 0.37421875 0.0171875 0.04140625
3 0.53046875 0.541015625 0.015234375 0.06015625
2 0.462109375 0.433203125 0.011328125 0.048046875
2 0.532421875 0.50546875 0.015234375 0.048046875
3 0.86328125 0.95859375 0.0359375 0.0828125
2 0.721484375 0.491796875 0.0140625 0.051953125
1 0.109765625 0.45078125 0.012890625 0.051953125
2 0.505078125 0.399609375 0.009765625 0.0453125
2 0.71796875 0.543359375 0.015234375 0.059375
2 0.87578125 0.540625 0.0140625 0.062890625
2 0.404296875 0.483984375 0.016015625 0.04921875
2 0.651953125 0.412890625 0.015234375 0.042578125
2 0.628515625 0.45546875 0.0125 0.048046875
2 0.889453125 0.502734375 0.0171875 0.05546875
2 0.490234375 0.422265625 0.0109375 0.04453125
2 0.513671875 0.516796875 0.014453125 0.057421875
2 0.59921875 0.622265625 0.015234375 0.0703125
2 0.31953125 0.539453125 0.0140625 0.0546875
2 0.741796875 0.59296875 0.015234375 0.06953125
2 0.287890625 0.618359375 0.0140625 0.062890625
2 0.31015625 0.55546875 0.015234375 0.062890625
2 0.241796875 0.703125 0.016015625 0.075
2 0.7046875 0.7 0.017578125 0.0796875
0 0.56328125 0.394140625 0.0046875 0.00859375
3 0.558203125 0.340234375 0.01015625 0.03828125