2 0.346875 0.425390625 0.010546875 0.0359375
1 0.166015625 0.45 0.009375 0.046484375
2 0.751953125 0.502734375 0.014453125 0.05625
2 0.35234375 0.4265625 0.0109375 0.040234375
2 0.321484375 0.390234375 0.012109375 0.047265625
2 0.2453125 0.43828125 0.013671875 0.0453125
2 0.180078125 0.46796875 0.008984375 0.0453125
2 0.310546875 0.418359375 0.012109375 0.048046875
2 0.4734375 0.3890625 0.010546875 0.042578125
2 0.447265625 0.44453125 0.009765625 0.046484375
2 0.7609375 0.409765625 0.0125 0.0453125
2 0.751171875 0.5234375 0.0140625 0.062109375
2 0.271875 0.449609375 0.016796875 0.05078125
2 0.188671875 0.483203125 0.012890625 0.053515625
3 0.386328125 0.475 0.0125 0.051953125
2 0.78671875 0.419921875 0.015234375 0.04921875
2 0.41953125 0.509375 0.012109375 0.057421875
2 0.31328125 0.495703125 0.012109375 0.0546875
2 0.847265625 0.465625 0.0125 0.05546875
2 0.64921875 0.603125 0.018359375 0.062109375
2 0.506640625 0.596875 0.0203125 0.065625
0 0.365234375 0.4421875 0.00546875 0.0109375
3 0.404296875 0.33828125 0.00859375 0.0375