2 0.648046875 0.448046875 0.008203125 0.037109375
2 0.666015625 0.41484375 0.008203125 0.0390625
2 0.458203125 0.39765625 0.008984375 0.037890625
2 0.6546875 0.44765625 0.008203125 0.043359375
3 0.93515625 0.869921875 0.024609375 0.087890625
2 0.468359375 0.46953125 0.012890625 0.040625
2 0.4734375 0.399609375 0.008203125 0.0359375
2 0.512890625 0.4359375 0.013671875 0.0390625
2 0.709765625 0.421875 0.0109375 0.041796875
2 0.31328125 0.39296875 0.012109375 0.0359375
3 0.549609375 0.47421875 0.008984375 0.048046875
1 0.0796875 0.415625 0.008203125 0.037109375
2 0.375390625 0.533984375 0.012109375 0.05078125
2 0.616796875 0.4828125 0.009765625 0.0453125
2 0.291015625 0.433984375 0.008984375 0.03984375
2 0.537890625 0.5078125 0.009765625 0.047265625
2 0.784375 0.490625 0.013671875 0.05
2 0.294140625 0.4984375 0.011328125 0.04921875
2 0.50234375 0.449609375 0.016015625 0.037890625
2 0.684765625 0.644140625 0.010546875 0.056640625
2 0.655078125 0.575390625 0.0109375 0.052734375
2 0.751953125 0.509765625 0.011328125 0.043359375
2 0.749609375 0.7046875 0.015625 0.06484375
3 0.343359375 0.367578125 0.01015625 0.030859375