0 0.364453125 0.49921875 0.008984375 0.012890625
2 0.791015625 0.4734375 0.009375 0.032421875
2 0.581640625 0.378125 0.016796875 0.039453125
2 0.61328125 0.323046875 0.0140625 0.0375
2 0.497265625 0.4328125 0.014453125 0.04921875
2 0.764453125 0.425 0.01875 0.04453125
2 0.522265625 0.396875 0.011328125 0.043359375
2 0.81171875 0.406640625 0.0203125 0.04453125
2 0.789453125 0.508203125 0.012890625 0.0609375
3 0.631640625 0.480078125 0.0109375 0.0546875
2 0.51171875 0.468359375 0.0109375 0.05546875
2 0.321484375 0.4046875 0.008984375 0.048046875
2 0.774609375 0.471484375 0.014453125 0.053515625
2 0.47734375 0.46171875 0.0140625 0.052734375
2 0.6125 0.47265625 0.014453125 0.05078125
2 0.4609375 0.544140625 0.013671875 0.058203125
2 0.600390625 0.560546875 0.012109375 0.0640625
2 0.80390625 0.652734375 0.0171875 0.068359375
2 0.2921875 0.52265625 0.017578125 0.052734375
2 0.459765625 0.59453125 0.015234375 0.06484375
2 0.672265625 0.698046875 0.015234375 0.07578125
2 0.359375 0.77421875 0.028125 0.083203125
3 0.372265625 0.311328125 0.009375 0.039453125