2 0.596875 0.408984375 0.009375 0.037890625
2 0.8203125 0.59296875 0.015625 0.032421875
2 0.59140625 0.428125 0.012109375 0.037890625
2 0.348828125 0.398046875 0.009765625 0.0390625
3 0.5546875 0.505078125 0.0125 0.047265625
2 0.5375 0.48515625 0.013671875 0.04453125
2 0.382421875 0.523046875 0.016796875 0.05
2 0.338671875 0.443359375 0.010546875 0.0390625
1 0.926953125 0.442578125 0.0125 0.048046875
2 0.754296875 0.519140625 0.012109375 0.05078125
2 0.6703125 0.447265625 0.011328125 0.046484375
2 0.567578125 0.52734375 0.009375 0.052734375
2 0.22421875 0.487890625 0.0140625 0.04453125
2 0.63359375 0.51171875 0.008984375 0.05078125
2 0.683203125 0.55546875 0.008203125 0.05546875
2 0.51484375 0.4953125 0.0203125 0.051953125
2 0.199609375 0.454296875 0.011328125 0.047265625
2 0.4421875 0.471875 0.013671875 0.047265625
2 0.698046875 0.58046875 0.012109375 0.05546875
2 0.401953125 0.568359375 0.015234375 0.059375
3 0.980078125 0.76015625 0.037109375 0.0796875
2 0.244921875 0.55 0.023046875 0.05546875
2 0.803125 0.595703125 0.011328125 0.058203125
3 0.219140625 0.348828125 0.009765625 0.033984375