0 0.6453125 0.498046875 0.00625 0.0109375
3 0.358984375 0.33359375 0.011328125 0.0375
2 0.278515625 0.39609375 0.016796875 0.044921875
2 0.62890625 0.430859375 0.015625 0.04765625
2 0.61953125 0.455859375 0.014453125 0.04609375
2 0.61328125 0.487890625 0.021484375 0.04765625
2 0.856640625 0.4203125 0.021484375 0.048046875
3 0.53671875 0.450390625 0.0234375 0.05234375
2 0.278515625 0.4375 0.01328125 0.0484375
2 0.636328125 0.45 0.01640625 0.05234375
2 0.822265625 0.383203125 0.0140625 0.042578125
2 0.076953125 0.4421875 0.014453125 0.05078125
2 0.905078125 0.4765625 0.012109375 0.056640625
2 0.88671875 0.469921875 0.019140625 0.04921875
2 0.316015625 0.48125 0.012890625 0.053125
2 0.187109375 0.521484375 0.015234375 0.05546875
2 0.214453125 0.4609375 0.011328125 0.053515625
2 0.084765625 0.499609375 0.015625 0.056640625
2 0.292578125 0.408203125 0.01640625 0.05
2 0.823046875 0.567578125 0.023828125 0.046484375
2 0.329296875 0.457421875 0.015625 0.051953125
2 0.68046875 0.5734375 0.027734375 0.065234375
2 0.42109375 0.433203125 0.0171875 0.046484375