0 0.453515625 0.55234375 0.005859375 0.01015625
2 0.658203125 0.49296875 0.013671875 0.043359375
2 0.46328125 0.452734375 0.0109375 0.0390625
2 0.516796875 0.470703125 0.009765625 0.043359375
2 0.780859375 0.512109375 0.0109375 0.053515625
2 0.491796875 0.469140625 0.0140625 0.041796875
1 0.88046875 0.428515625 0.0140625 0.043359375
2 0.58125 0.4046875 0.0125 0.04453125
2 0.683984375 0.5484375 0.0109375 0.0546875
2 0.399609375 0.412890625 0.0125 0.0390625
2 0.769140625 0.557421875 0.0109375 0.053515625
2 0.744921875 0.5734375 0.0140625 0.037890625
2 0.550390625 0.427734375 0.010546875 0.042578125
3 0.585546875 0.504296875 0.0171875 0.05078125
2 0.44609375 0.517578125 0.012890625 0.046484375
2 0.68203125 0.45 0.0109375 0.048046875
3 0.959375 0.7203125 0.021484375 0.073828125
2 0.571484375 0.473046875 0.0140625 0.048046875
2 0.522265625 0.509375 0.0140625 0.048046875
2 0.355859375 0.5125 0.019921875 0.04921875
2 0.730078125 0.598046875 0.016796875 0.059375
2 0.309765625 0.535546875 0.012890625 0.052734375
2 0.258984375 0.485546875 0.019140625 0.04921875
2 0.4171875 0.57578125 0.020703125 0.057421875
3 0.201953125 0.3421875 0.009765625 0.03671875