2 0.665234375 0.503515625 0.008203125 0.03515625
2 0.666796875 0.48125 0.01015625 0.033203125
2 0.430078125 0.469140625 0.006640625 0.028515625
2 0.48671875 0.46328125 0.008984375 0.028515625
2 0.723046875 0.458984375 0.006640625 0.03046875
2 0.542578125 0.503515625 0.006640625 0.033203125
1 0.097265625 0.537109375 0.009765625 0.04453125
2 0.8171875 0.5375 0.010546875 0.037890625
2 0.724609375 0.54453125 0.0140625 0.03515625
2 0.408203125 0.5359375 0.010546875 0.040625
3 0.596484375 0.53203125 0.006640625 0.039453125
2 0.68671875 0.52421875 0.0078125 0.033203125
2 0.651171875 0.5234375 0.0125 0.037890625
2 0.240625 0.519921875 0.009375 0.0359375
2 0.479296875 0.608203125 0.008203125 0.040625
2 0.348828125 0.557421875 0.008984375 0.040625
1 0.919921875 0.525390625 0.009375 0.03984375
2 0.383984375 0.5015625 0.008984375 0.034375
2 0.683984375 0.591796875 0.009375 0.042578125
2 0.446875 0.58828125 0.009375 0.043359375
2 0.348046875 0.626953125 0.008984375 0.046484375
2 0.36484375 0.699609375 0.0109375 0.05078125
2 0.170703125 0.5703125 0.015625 0.042578125
0 0.811328125 0.553125 0.004296875 0.009765625
3 0.405078125 0.44140625 0.006640625 0.026171875