3 0.458984375 0.33671875 0.0078125 0.034375
2 0.500390625 0.432421875 0.012109375 0.042578125
1 0.2 0.473046875 0.0140625 0.0453125
2 0.549609375 0.473046875 0.008203125 0.051953125
2 0.503125 0.405859375 0.01015625 0.0421875
2 0.451953125 0.4828125 0.012890625 0.056640625
3 0.582421875 0.523046875 0.012109375 0.059375
2 0.543359375 0.480859375 0.009375 0.052734375
2 0.846875 0.563671875 0.01328125 0.080078125
2 0.462890625 0.487890625 0.016796875 0.053515625
2 0.3328125 0.435546875 0.011328125 0.052734375
2 0.20234375 0.497265625 0.0109375 0.048046875
2 0.562890625 0.3921875 0.0140625 0.0453125
2 0.14609375 0.552734375 0.012109375 0.059375
2 0.41171875 0.558203125 0.0171875 0.0609375
2 0.404296875 0.664453125 0.0171875 0.06953125
2 0.5890625 0.547265625 0.015625 0.062890625
2 0.3765625 0.665234375 0.0125 0.065625
2 0.304296875 0.440625 0.011328125 0.051953125
2 0.927734375 0.54921875 0.01875 0.06484375
2 0.426953125 0.498046875 0.015625 0.053515625
2 0.785546875 0.4640625 0.017578125 0.05
2 0.871484375 0.622265625 0.015625 0.066796875