2 0.461328125 0.380859375 0.008203125 0.034375
0 0.255078125 0.55703125 0.005859375 0.01015625
2 0.570703125 0.3 0.007421875 0.033203125
2 0.463671875 0.3984375 0.009765625 0.041796875
2 0.433984375 0.33515625 0.007421875 0.03515625
2 0.546484375 0.602734375 0.016796875 0.051953125
2 0.587890625 0.354296875 0.0078125 0.037890625
2 0.494921875 0.374609375 0.008203125 0.043359375
2 0.603515625 0.435546875 0.010546875 0.0453125
2 0.620703125 0.403515625 0.008984375 0.042578125
2 0.741796875 0.54453125 0.0109375 0.048046875
1 0.925 0.4140625 0.0125 0.046484375
2 0.558203125 0.335546875 0.008203125 0.037890625
2 0.66640625 0.44765625 0.012890625 0.047265625
2 0.224609375 0.383984375 0.008984375 0.041796875
2 0.644921875 0.41796875 0.012109375 0.047265625
2 0.525390625 0.4859375 0.010546875 0.051953125
2 0.225390625 0.46953125 0.012890625 0.048046875
2 0.336328125 0.473046875 0.009765625 0.05
3 0.478515625 0.39765625 0.012890625 0.041796875
2 0.23671875 0.562890625 0.015234375 0.057421875
2 0.826953125 0.73046875 0.019140625 0.059375
3 0.952734375 0.8578125 0.029296875 0.084375
3 0.253125 0.291796875 0.00859375 0.0328125
2 0.512109375 0.286328125 0.01015625 0.03515625