0 0.822265625 0.683203125 0.008203125 0.0109375
3 0.431640625 0.17578125 0.009765625 0.031640625
2 0.5046875 0.20078125 0.007421875 0.037109375
1 0.016015625 0.337109375 0.015234375 0.046484375
2 0.375390625 0.291015625 0.008203125 0.041796875
2 0.49921875 0.330078125 0.0109375 0.04921875
2 0.56171875 0.2671875 0.006640625 0.03984375
2 0.3875 0.264453125 0.008203125 0.043359375
2 0.325 0.394921875 0.008203125 0.056640625
2 0.361328125 0.451953125 0.009765625 0.059375
2 0.4078125 0.36328125 0.009375 0.04921875
2 0.282421875 0.4875 0.009765625 0.062109375
2 0.314453125 0.434375 0.012890625 0.059375
2 0.569140625 0.39453125 0.013671875 0.05546875
3 0.403515625 0.457421875 0.010546875 0.059375
2 0.61015625 0.419921875 0.012109375 0.058203125
2 0.76875 0.315625 0.0125 0.048046875
2 0.478125 0.505078125 0.010546875 0.065625
2 0.30546875 0.609765625 0.018359375 0.06953125
2 0.390234375 0.553515625 0.014453125 0.06484375
2 0.213671875 0.678125 0.013671875 0.08046875
2 0.830078125 0.665625 0.023828125 0.081640625
2 0.548828125 0.756640625 0.0171875 0.083203125
2 0.571484375 0.644140625 0.024609375 0.0640625
3 0.939453125 0.832421875 0.028125 0.09453125