2 0.594140625 0.349609375 0.006640625 0.03046875
2 0.6203125 0.42421875 0.008203125 0.048046875
2 0.615625 0.43359375 0.01328125 0.042578125
2 0.823046875 0.433984375 0.008984375 0.043359375
2 0.521484375 0.373046875 0.00625 0.031640625
2 0.4078125 0.3703125 0.007421875 0.033203125
2 0.7703125 0.39296875 0.008203125 0.0359375
2 0.748046875 0.402734375 0.010546875 0.0390625
3 0.655078125 0.405859375 0.0109375 0.041796875
2 0.418359375 0.507421875 0.011328125 0.053515625
2 0.643359375 0.50234375 0.009375 0.052734375
2 0.86796875 0.52578125 0.012109375 0.057421875
2 0.341796875 0.396875 0.008203125 0.041796875
2 0.4328125 0.429296875 0.009375 0.041796875
1 0.08046875 0.459375 0.0171875 0.046484375
2 0.82265625 0.531640625 0.012890625 0.0609375
2 0.204296875 0.446875 0.008984375 0.0453125
2 0.47109375 0.6234375 0.0140625 0.065625
2 0.419921875 0.59453125 0.014453125 0.062890625
2 0.855859375 0.580078125 0.015625 0.062109375
2 0.45390625 0.531640625 0.015234375 0.051953125
0 0.255078125 0.537890625 0.0078125 0.01484375
2 0.315234375 0.433203125 0.015234375 0.03828125
3 0.368359375 0.32421875 0.00703125 0.028515625