0 0.400390625 0.376953125 0.0046875 0.0109375
3 0.137890625 0.286328125 0.008984375 0.0390625
2 0.667578125 0.3203125 0.008984375 0.0390625
2 0.44453125 0.298046875 0.0078125 0.0296875
2 0.512109375 0.278515625 0.00703125 0.034375
2 0.548828125 0.291796875 0.010546875 0.039453125
2 0.469140625 0.271875 0.00625 0.032421875
2 0.586328125 0.2921875 0.0078125 0.0359375
1 0.857421875 0.316796875 0.011328125 0.040625
2 0.3484375 0.27734375 0.007421875 0.03046875
2 0.358984375 0.279296875 0.008203125 0.034375
2 0.312890625 0.29453125 0.009375 0.03515625
3 0.441015625 0.325390625 0.009375 0.043359375
2 0.580078125 0.29453125 0.007421875 0.03515625
2 0.139453125 0.3125 0.010546875 0.0453125
2 0.15625 0.310546875 0.010546875 0.04140625
2 0.119921875 0.358203125 0.0109375 0.04453125
2 0.476171875 0.304296875 0.008203125 0.041796875
2 0.12890625 0.394140625 0.009765625 0.04921875
2 0.64921875 0.325 0.01171875 0.046484375
2 0.465234375 0.3265625 0.010546875 0.041796875
2 0.251953125 0.412109375 0.0234375 0.051953125
2 0.665234375 0.34453125 0.0109375 0.048046875
2 0.439453125 0.34609375 0.013671875 0.032421875