2 0.651953125 0.353515625 0.006640625 0.0296875
2 0.471484375 0.3734375 0.009375 0.0359375
2 0.80078125 0.402734375 0.009765625 0.03515625
3 0.651953125 0.412109375 0.012890625 0.040625
2 0.564453125 0.381640625 0.008203125 0.03515625
1 0.084765625 0.490234375 0.0125 0.047265625
2 0.808984375 0.42421875 0.009375 0.03515625
2 0.319921875 0.396484375 0.0078125 0.03515625
2 0.469140625 0.453515625 0.008984375 0.046484375
2 0.68515625 0.442578125 0.008984375 0.04453125
2 0.630859375 0.4375 0.009375 0.0453125
2 0.200390625 0.46796875 0.0125 0.041796875
2 0.244921875 0.470703125 0.009375 0.04921875
2 0.841796875 0.4375 0.012109375 0.041796875
2 0.653515625 0.529296875 0.011328125 0.0546875
2 0.410546875 0.507421875 0.0140625 0.053515625
2 0.844140625 0.56171875 0.0140625 0.062109375
2 0.866015625 0.537109375 0.015234375 0.057421875
2 0.598046875 0.6890625 0.015625 0.077734375
2 0.580859375 0.570703125 0.017578125 0.058203125
2 0.890625 0.6078125 0.015625 0.067578125
2 0.471484375 0.616796875 0.012109375 0.072265625
0 0.094921875 0.51796875 0.00546875 0.012109375
3 0.41796875 0.32578125 0.00703125 0.028515625