3 0.111328125 0.26953125 0.008203125 0.033203125
1 0.83359375 0.34296875 0.016015625 0.0359375
2 0.653515625 0.355859375 0.0125 0.040234375
2 0.35 0.334375 0.009375 0.042578125
3 0.4765625 0.3796875 0.009375 0.046484375
2 0.52578125 0.4140625 0.0109375 0.046484375
2 0.40703125 0.45703125 0.008984375 0.056640625
2 0.398828125 0.452734375 0.015625 0.057421875
2 0.146875 0.466796875 0.011328125 0.059375
2 0.677734375 0.3625 0.016796875 0.03984375
2 0.20234375 0.74296875 0.015234375 0.076953125
2 0.730078125 0.410546875 0.0171875 0.047265625
2 0.5640625 0.389453125 0.014453125 0.047265625
2 0.510546875 0.366015625 0.016015625 0.047265625
2 0.544921875 0.443359375 0.010546875 0.053515625
2 0.112109375 0.60234375 0.017578125 0.071484375
2 0.164453125 0.454296875 0.016796875 0.052734375
2 0.425390625 0.50703125 0.0125 0.058203125
2 0.739453125 0.512109375 0.014453125 0.053515625
2 0.132421875 0.720703125 0.020703125 0.084375
2 0.38515625 0.594921875 0.0234375 0.06015625
2 0.659375 0.349609375 0.0109375 0.0375
2 0.65 0.3453125 0.015234375 0.046875