2 0.8203125 0.384375 0.011328125 0.06484375
2 0.685546875 0.379296875 0.008203125 0.043359375
2 0.817578125 0.39375 0.008984375 0.04921875
2 0.684375 0.417578125 0.011328125 0.04453125
2 0.78359375 0.344140625 0.009765625 0.037890625
1 0.1484375 0.367578125 0.013671875 0.04453125
2 0.511328125 0.300390625 0.008203125 0.0359375
2 0.819140625 0.509375 0.013671875 0.059375
2 0.494140625 0.319140625 0.008203125 0.0359375
2 0.315234375 0.390234375 0.009765625 0.0453125
2 0.728515625 0.51328125 0.008203125 0.052734375
2 0.430859375 0.490234375 0.012890625 0.0546875
3 0.933984375 0.935546875 0.020703125 0.087890625
2 0.461328125 0.41953125 0.015625 0.040625
2 0.789453125 0.64453125 0.0140625 0.0703125
2 0.776171875 0.556640625 0.011328125 0.059375
2 0.089453125 0.4828125 0.011328125 0.056640625
3 0.567578125 0.394140625 0.008984375 0.047265625
2 0.823828125 0.575390625 0.014453125 0.058203125
2 0.333984375 0.5015625 0.010546875 0.06015625
2 0.465625 0.619921875 0.009375 0.0640625
2 0.720703125 0.690234375 0.018359375 0.071484375
2 0.412109375 0.73984375 0.015625 0.077734375
0 0.16640625 0.3859375 0.0046875 0.009375
3 0.401171875 0.235546875 0.008203125 0.033203125