2 0.411328125 0.327734375 0.006640625 0.031640625
2 0.7046875 0.389453125 0.008203125 0.0359375
2 0.401953125 0.43515625 0.008203125 0.042578125
2 0.2546875 0.475 0.008203125 0.04453125
2 0.41875 0.37890625 0.00625 0.037109375
1 0.877734375 0.449609375 0.009765625 0.041796875
2 0.350390625 0.699609375 0.0140625 0.062109375
2 0.286328125 0.4640625 0.010546875 0.042578125
3 0.367578125 0.4921875 0.009375 0.04921875
2 0.282421875 0.3953125 0.008984375 0.0390625
2 0.444140625 0.409375 0.009375 0.0390625
2 0.6671875 0.569140625 0.010546875 0.05078125
2 0.351953125 0.5609375 0.010546875 0.051953125
2 0.564453125 0.67421875 0.011328125 0.05546875
2 0.62421875 0.459375 0.009765625 0.046484375
2 0.276171875 0.574609375 0.011328125 0.0546875
2 0.221484375 0.568359375 0.010546875 0.057421875
2 0.26484375 0.687109375 0.016015625 0.0609375
2 0.74140625 0.7515625 0.009765625 0.067578125
3 0.976953125 0.745703125 0.0203125 0.065625
2 0.8578125 0.608203125 0.0125 0.059375
2 0.532421875 0.509765625 0.0109375 0.047265625
2 0.191015625 0.6140625 0.012890625 0.062890625
0 0.70703125 0.414453125 0.0046875 0.0078125
3 0.256640625 0.313671875 0.005859375 0.028515625