0 0.376953125 0.61171875 0.005859375 0.012109375
2 0.444921875 0.34453125 0.008203125 0.037109375
2 0.5140625 0.3609375 0.008203125 0.042578125
2 0.439453125 0.429296875 0.008984375 0.047265625
2 0.328515625 0.3625 0.008203125 0.043359375
2 0.698828125 0.351953125 0.0078125 0.040625
2 0.721484375 0.75 0.018359375 0.087109375
2 0.733984375 0.375390625 0.009765625 0.047265625
2 0.708984375 0.40234375 0.009765625 0.04921875
2 0.6796875 0.366015625 0.009375 0.041796875
2 0.595703125 0.42421875 0.009375 0.046484375
2 0.286328125 0.419921875 0.010546875 0.05078125
2 0.621484375 0.51015625 0.0171875 0.059375
3 0.573046875 0.41796875 0.0109375 0.04921875
2 0.383984375 0.545703125 0.014453125 0.04921875
2 0.732421875 0.4515625 0.0125 0.0546875
2 0.373046875 0.580078125 0.029296875 0.067578125
2 0.556640625 0.5234375 0.018359375 0.06015625
2 0.410546875 0.50078125 0.011328125 0.05546875
2 0.61875 0.605859375 0.016796875 0.065625
2 0.405078125 0.64921875 0.018359375 0.07421875
2 0.807421875 0.6171875 0.016796875 0.065625
3 0.275390625 0.319921875 0.009375 0.039453125