2 0.47421875 0.20234375 0.008984375 0.03984375
3 0.298046875 0.19765625 0.011328125 0.046875
2 0.288671875 0.240625 0.01015625 0.048046875
2 0.205859375 0.366015625 0.013671875 0.067578125
2 0.702734375 0.26484375 0.015625 0.051953125
2 0.549609375 0.2578125 0.0125 0.04921875
2 0.584765625 0.2875 0.015234375 0.05078125
3 0.369140625 0.377734375 0.012109375 0.071875
2 0.570703125 0.496484375 0.014453125 0.081640625
2 0.380859375 0.28203125 0.010546875 0.0546875
2 0.231640625 0.305859375 0.012890625 0.058203125
2 0.623828125 0.309375 0.0109375 0.059375
2 0.352734375 0.253515625 0.016015625 0.048046875
2 0.252734375 0.3109375 0.015234375 0.057421875
2 0.832421875 0.37734375 0.016796875 0.065625
2 0.523828125 0.43984375 0.022265625 0.07578125
2 0.398046875 0.342578125 0.017578125 0.051953125
2 0.391796875 0.416796875 0.015234375 0.072265625
2 0.890625 0.544921875 0.019921875 0.093359375
2 0.13515625 0.47265625 0.021484375 0.08046875
2 0.175390625 0.585546875 0.019140625 0.0953125
2 0.418359375 0.7203125 0.035546875 0.107421875
0 0.741015625 0.3265625 0.00703125 0.01328125