2 0.31953125 0.433203125 0.009765625 0.040625
2 0.452734375 0.32578125 0.00625 0.0296875
3 0.922265625 0.93203125 0.02109375 0.0765625
2 0.291015625 0.678515625 0.016015625 0.059375
2 0.277734375 0.68046875 0.0296875 0.053515625
1 0.23203125 0.354296875 0.0140625 0.034375
2 0.33203125 0.407421875 0.0078125 0.0390625
2 0.252734375 0.516796875 0.0125 0.04453125
2 0.352734375 0.44765625 0.0109375 0.0453125
2 0.591015625 0.295703125 0.009765625 0.032421875
2 0.455078125 0.40703125 0.013671875 0.043359375
2 0.363671875 0.383984375 0.012109375 0.041796875
2 0.751953125 0.366796875 0.007421875 0.037109375
2 0.4640625 0.330859375 0.008203125 0.034375
2 0.575 0.453515625 0.010546875 0.040625
3 0.4359375 0.471484375 0.010546875 0.046484375
2 0.176171875 0.624609375 0.0234375 0.04921875
2 0.408203125 0.583984375 0.015234375 0.06015625
2 0.760546875 0.529296875 0.010546875 0.047265625
2 0.341015625 0.53671875 0.011328125 0.056640625
2 0.589453125 0.447265625 0.009375 0.048046875
2 0.15390625 0.6828125 0.024609375 0.052734375
2 0.88359375 0.596484375 0.012890625 0.059375
3 0.494140625 0.240234375 0.008203125 0.030859375