2 0.175390625 0.628515625 0.018359375 0.048046875
2 0.187109375 0.517578125 0.009375 0.046484375
2 0.469921875 0.341015625 0.006640625 0.03046875
2 0.344921875 0.4 0.0078125 0.040625
2 0.444140625 0.428125 0.008203125 0.043359375
2 0.30546875 0.441796875 0.008984375 0.046484375
2 0.334765625 0.40234375 0.008203125 0.037890625
2 0.616015625 0.495703125 0.009375 0.047265625
2 0.32421875 0.453515625 0.0109375 0.042578125
2 0.602734375 0.323046875 0.008203125 0.03515625
2 0.794921875 0.4265625 0.009375 0.0453125
2 0.623828125 0.49921875 0.008984375 0.05546875
2 0.480078125 0.362109375 0.008203125 0.033203125
3 0.444921875 0.4828125 0.009375 0.047265625
2 0.35234375 0.632421875 0.0140625 0.057421875
3 0.853515625 0.951953125 0.026171875 0.081640625
2 0.329296875 0.57265625 0.019140625 0.0546875
2 0.743359375 0.590234375 0.015625 0.0546875
2 0.803515625 0.63046875 0.023828125 0.0609375
1 0.26796875 0.345703125 0.009765625 0.0390625
0 0.1640625 0.6265625 0.008984375 0.009375
2 0.150390625 0.608203125 0.014453125 0.0546875
2 0.1578125 0.603125 0.016015625 0.0390625
2 0.169140625 0.6078125 0.015234375 0.044140625
3 0.515234375 0.245703125 0.00625 0.023828125