3 0.46640625 0.203515625 0.008984375 0.03203125
2 0.6765625 0.270703125 0.007421875 0.032421875
0 0.892578125 0.51328125 0.00625 0.01015625
2 0.422265625 0.26953125 0.011328125 0.037109375
2 0.3703125 0.346484375 0.009375 0.04453125
2 0.507421875 0.354296875 0.0109375 0.043359375
2 0.520703125 0.381640625 0.009765625 0.051953125
2 0.394921875 0.3296875 0.006640625 0.040625
1 0.137109375 0.3546875 0.0125 0.050390625
2 0.437109375 0.500390625 0.0140625 0.058203125
2 0.556640625 0.467578125 0.0109375 0.062890625
2 0.719921875 0.415625 0.0109375 0.05
2 0.408203125 0.387890625 0.012890625 0.046484375
3 0.385546875 0.475 0.016796875 0.053515625
2 0.37734375 0.38671875 0.012109375 0.05078125
2 0.71171875 0.610546875 0.012109375 0.067578125
2 0.41015625 0.855859375 0.0171875 0.076953125
2 0.294921875 0.476953125 0.012890625 0.059375
2 0.522265625 0.503515625 0.0140625 0.059375
2 0.2890625 0.6796875 0.023046875 0.0796875
2 0.372265625 0.516796875 0.01875 0.0609375
2 0.919921875 0.468359375 0.022265625 0.05546875
2 0.775390625 0.6203125 0.016015625 0.072265625
2 0.452734375 0.21328125 0.008984375 0.032421875