2 0.512109375 0.28046875 0.009765625 0.03515625
2 0.62109375 0.312890625 0.015234375 0.031640625
2 0.576171875 0.290625 0.007421875 0.02578125
2 0.501953125 0.29296875 0.006640625 0.0359375
2 0.462890625 0.295703125 0.007421875 0.03046875
2 0.689453125 0.4421875 0.009375 0.047265625
2 0.486328125 0.42734375 0.009375 0.047265625
2 0.480078125 0.3109375 0.006640625 0.03515625
3 0.483203125 0.383203125 0.008203125 0.040625
2 0.77890625 0.3203125 0.012109375 0.037109375
2 0.42265625 0.346875 0.012109375 0.034375
2 0.773828125 0.375 0.009375 0.046484375
2 0.373828125 0.318359375 0.007421875 0.03515625
2 0.221484375 0.457421875 0.008984375 0.04453125
2 0.402734375 0.358984375 0.019140625 0.041796875
2 0.300390625 0.375 0.007421875 0.04453125
2 0.612890625 0.35234375 0.008984375 0.0359375
2 0.7015625 0.521875 0.009375 0.05078125
2 0.733203125 0.447265625 0.009765625 0.048046875
2 0.33203125 0.4078125 0.012890625 0.0453125
1 0.094140625 0.38515625 0.011328125 0.046484375
2 0.378515625 0.530078125 0.012890625 0.056640625
0 0.570703125 0.300390625 0.003515625 0.0078125
3 0.391015625 0.268359375 0.007421875 0.03125