2 0.486328125 0.219921875 0.006640625 0.032421875
2 0.391796875 0.331640625 0.00625 0.0390625
2 0.696484375 0.280859375 0.008984375 0.034375
0 0.671484375 0.58515625 0.007421875 0.0109375
2 0.434765625 0.268359375 0.009765625 0.033203125
1 0.174609375 0.344140625 0.009765625 0.0453125
2 0.378515625 0.344921875 0.008984375 0.041796875
2 0.531640625 0.369140625 0.0078125 0.047265625
2 0.84140625 0.432421875 0.012109375 0.051953125
2 0.390234375 0.375390625 0.012109375 0.0453125
2 0.46875 0.369140625 0.008203125 0.03984375
2 0.520703125 0.353515625 0.009375 0.048046875
2 0.3765625 0.4484375 0.0125 0.04921875
2 0.329296875 0.444921875 0.009765625 0.05078125
2 0.592578125 0.478125 0.015625 0.058203125
2 0.659375 0.403515625 0.0125 0.05
3 0.919140625 0.974609375 0.016015625 0.04921875
3 0.411328125 0.447265625 0.0109375 0.05
2 0.573046875 0.57578125 0.016796875 0.05546875
2 0.257421875 0.634375 0.015625 0.066796875
2 0.7171875 0.653125 0.016796875 0.071484375
2 0.3375 0.82421875 0.021875 0.07421875
2 0.638671875 0.5015625 0.023828125 0.052734375
2 0.366015625 0.516015625 0.0109375 0.0546875