2 0.175 0.3921875 0.009375 0.0453125
2 0.308203125 0.310546875 0.007421875 0.032421875
2 0.209765625 0.418359375 0.009375 0.046484375
1 0.833984375 0.36015625 0.015625 0.042578125
2 0.419140625 0.4125 0.010546875 0.04921875
2 0.395703125 0.353125 0.006640625 0.03984375
3 0.360546875 0.408203125 0.010546875 0.048046875
2 0.276171875 0.489453125 0.009375 0.0546875
2 0.233984375 0.475390625 0.016015625 0.0546875
2 0.589453125 0.31015625 0.007421875 0.037109375
2 0.08828125 0.46015625 0.012890625 0.051953125
2 0.105859375 0.476953125 0.0125 0.057421875
2 0.249609375 0.414453125 0.009375 0.0453125
2 0.46640625 0.427734375 0.012890625 0.046484375
2 0.130859375 0.584375 0.0140625 0.06484375
2 0.166796875 0.6546875 0.015234375 0.07578125
2 0.083203125 0.549609375 0.014453125 0.0640625
2 0.432421875 0.499609375 0.014453125 0.056640625
2 0.385546875 0.69921875 0.016796875 0.0796875
3 0.0953125 0.3109375 0.011328125 0.03828125
2 0.10625 0.403125 0.01484375 0.051953125
2 0.19140625 0.33515625 0.013671875 0.042578125
2 0.988671875 0.43359375 0.013671875 0.055078125
0 0.955859375 0.447265625 0.00546875 0.009375