2 0.371484375 0.39765625 0.006640625 0.032421875
2 0.576171875 0.405078125 0.012890625 0.034375
2 0.274609375 0.446875 0.0078125 0.0453125
3 0.407421875 0.449609375 0.0125 0.041796875
2 0.423828125 0.4 0.008984375 0.031640625
1 0.747265625 0.389453125 0.008203125 0.03046875
2 0.6015625 0.452734375 0.013671875 0.040625
2 0.658984375 0.5203125 0.01953125 0.05
2 0.22109375 0.452734375 0.0078125 0.046484375
3 0.797265625 0.59921875 0.0234375 0.062890625
2 0.5453125 0.4546875 0.0125 0.042578125
2 0.48046875 0.51484375 0.009765625 0.051953125
2 0.646875 0.48828125 0.013671875 0.05078125
2 0.334375 0.50078125 0.013671875 0.053515625
2 0.504296875 0.517578125 0.008984375 0.046484375
2 0.601953125 0.559375 0.012109375 0.05546875
2 0.3546875 0.51171875 0.014453125 0.05078125
2 0.51796875 0.496484375 0.0109375 0.051953125
2 0.3015625 0.631640625 0.014453125 0.068359375
2 0.1515625 0.587890625 0.011328125 0.0609375
2 0.36640625 0.63203125 0.016015625 0.06953125
2 0.58203125 0.44140625 0.012890625 0.037109375
2 0.5953125 0.41171875 0.01171875 0.035546875
3 0.2203125 0.3375 0.007421875 0.030078125