1 0.112890625 0.3734375 0.011328125 0.04921875
2 0.352734375 0.305859375 0.006640625 0.03046875
2 0.31640625 0.35 0.008984375 0.037109375
3 0.92734375 0.8 0.04140625 0.1078125
2 0.805078125 0.36953125 0.010546875 0.040625
2 0.33515625 0.351953125 0.009765625 0.040625
2 0.78515625 0.3421875 0.009765625 0.037890625
3 0.497265625 0.36640625 0.008984375 0.040625
2 0.217578125 0.385546875 0.010546875 0.047265625
2 0.503515625 0.29765625 0.008984375 0.032421875
2 0.489453125 0.367578125 0.008984375 0.042578125
2 0.536328125 0.315625 0.008203125 0.033203125
2 0.652734375 0.3703125 0.009375 0.042578125
2 0.547265625 0.43828125 0.015234375 0.052734375
2 0.56484375 0.442578125 0.012109375 0.048046875
2 0.168359375 0.4859375 0.012890625 0.05
2 0.26171875 0.415625 0.0140625 0.04453125
2 0.453125 0.3953125 0.010546875 0.04453125
2 0.867578125 0.398046875 0.0125 0.048046875
2 0.77265625 0.45703125 0.0140625 0.06015625
2 0.630078125 0.5828125 0.015625 0.06953125
2 0.486328125 0.641015625 0.025390625 0.084375
3 0.39375 0.27265625 0.0078125 0.03203125
2 0.319921875 0.333203125 0.008203125 0.042578125
0 0.1828125 0.508203125 0.00625 0.012109375