2 0.247265625 0.32578125 0.007421875 0.040625
1 0.2375 0.33203125 0.0109375 0.040625
2 0.408203125 0.28515625 0.008203125 0.03515625
2 0.2765625 0.32109375 0.00859375 0.044140625
2 0.28828125 0.307421875 0.0078125 0.0390625
2 0.376953125 0.297265625 0.008984375 0.040625
2 0.427734375 0.342578125 0.008203125 0.042578125
3 0.488671875 0.321484375 0.008203125 0.0390625
2 0.269921875 0.356640625 0.0125 0.048046875
2 0.43828125 0.378515625 0.012109375 0.05
2 0.8109375 0.3109375 0.0125 0.037109375
2 0.882421875 0.32421875 0.010546875 0.042578125
2 0.919140625 0.35078125 0.010546875 0.048046875
2 0.665234375 0.3328125 0.009375 0.0453125
2 0.494921875 0.441015625 0.010546875 0.04921875
2 0.3296875 0.471484375 0.0125 0.057421875
2 0.567578125 0.371484375 0.0125 0.046484375
3 0.92578125 0.815625 0.025390625 0.11484375
2 0.723828125 0.4078125 0.01875 0.056640625
3 0.40390625 0.24296875 0.008984375 0.031640625
2 0.425390625 0.2875 0.0109375 0.034765625
2 0.428515625 0.323046875 0.0109375 0.039453125